time,.header.seq,.header.stamp.secs,.header.stamp.nsecs,.header.frame_id,.name,.position,.velocity,.effort
2021/07/19/13:07:08.614479,114156,1626692830,226989973,base_link,"['wheel_left_rear_joint', 'wheel_right_rear_joint', 'wheel_left_front_joint', 'wheel_right_front_joint']","(35.92583465576172, 1585.858642578125, 31.928279876708984, 1591.5467529296875)","(0.0, 0.0, 0.0, 0.0)","(-34850.37890625, 5.898556858025022e+29, -6.188980815201431e+22, 4.905690964562837e-09)"
2021/07/19/13:07:08.633327,114157,1626692830,246989973,base_link,"['wheel_left_rear_joint', 'wheel_right_rear_joint', 'wheel_left_front_joint', 'wheel_right_front_joint']","(35.92583465576172, 1585.858642578125, 31.928279876708984, 1591.5467529296875)","(0.0, 0.0, 0.0, 0.0)","(-34850.37890625, 5.898556858025022e+29, -6.188980815201431e+22, 4.905690964562837e-09)"
2021/07/19/13:07:08.661330,114158,1626692830,266989973,base_link,"['wheel_left_rear_joint', 'wheel_right_rear_joint', 'wheel_left_front_joint', 'wheel_right_front_joint']","(35.92583465576172, 1585.858642578125, 31.928279876708984, 1591.5467529296875)","(0.0, 0.0, 0.0, 0.0)","(-34850.37890625, 5.898556858025022e+29, -6.188980815201431e+22, 4.905690964562837e-09)"
2021/07/19/13:07:08.675181,114159,1626692830,286989973,base_link,"['wheel_left_rear_joint', 'wheel_right_rear_joint', 'wheel_left_front_joint', 'wheel_right_front_joint']","(35.92430114746094, 1585.858642578125, 31.928279876708984, 1591.5467529296875)","(-0.07669904828071594, 0.0, 0.0, 0.0)","(-34850.37890625, 5.898556858025022e+29, -6.188980815201431e+22, 4.905690964562837e-09)"
2021/07/19/13:07:08.694500,114160,1626692830,306989973,base_link,"['wheel_left_rear_joint', 'wheel_right_rear_joint', 'wheel_left_front_joint', 'wheel_right_front_joint']","(35.92583465576172, 1585.858642578125, 31.928279876708984, 1591.5467529296875)","(0.07669904828071594, 0.0, 0.0, 0.0)","(-34850.37890625, 5.898556858025022e+29, -6.188980815201431e+22, 4.905690964562837e-09)"
2021/07/19/13:07:08.715151,114161,1626692830,326989973,base_link,"['wheel_left_rear_joint', 'wheel_right_rear_joint', 'wheel_left_front_joint', 'wheel_right_front_joint']","(35.92583465576172, 1585.858642578125, 31.928279876708984, 1591.5467529296875)","(0.0, 0.0, 0.0, 0.0)","(-34850.37890625, 5.898556858025022e+29, -6.188980815201431e+22, 4.905690964562837e-09)"
2021/07/19/13:07:08.733407,114162,1626692830,346989973,base_link,"['wheel_left_rear_joint', 'wheel_right_rear_joint', 'wheel_left_front_joint', 'wheel_right_front_joint']","(35.92583465576172, 1585.858642578125, 31.928279876708984, 1591.5467529296875)","(0.0, 0.0, 0.0, 0.0)","(-34850.37890625, 5.898556858025022e+29, -6.188980815201431e+22, 4.905690964562837e-09)"
2021/07/19/13:07:08.756221,114163,1626692830,366989973,base_link,"['wheel_left_rear_joint', 'wheel_right_rear_joint', 'wheel_left_front_joint', 'wheel_right_front_joint']","(35.92583465576172, 1585.857177734375, 31.928279876708984, 1591.5467529296875)","(0.0, -0.07669904828071594, 0.0, 0.0)","(-34850.37890625, 5.898556858025022e+29, -6.188980815201431e+22, 4.905690964562837e-09)"
2021/07/19/13:07:08.776031,114164,1626692830,386989973,base_link,"['wheel_left_rear_joint', 'wheel_right_rear_joint', 'wheel_left_front_joint', 'wheel_right_front_joint']","(35.92583465576172, 1585.858642578125, 31.928279876708984, 1591.5467529296875)","(0.0, 0.07669904828071594, 0.0, 0.0)","(-34850.37890625, 5.898556858025022e+29, -6.188980815201431e+22, 4.905690964562837e-09)"
2021/07/19/13:07:08.796869,114165,1626692830,406989973,base_link,"['wheel_left_rear_joint', 'wheel_right_rear_joint', 'wheel_left_front_joint', 'wheel_right_front_joint']","(35.92583465576172, 1585.858642578125, 31.928279876708984, 1591.5467529296875)","(0.0, 0.0, 0.0, 0.0)","(-34850.37890625, 5.898556858025022e+29, -6.188980815201431e+22, 4.905690964562837e-09)"
2021/07/19/13:07:08.815226,114166,1626692830,426989973,base_link,"['wheel_left_rear_joint', 'wheel_right_rear_joint', 'wheel_left_front_joint', 'wheel_right_front_joint']","(35.92583465576172, 1585.858642578125, 31.928279876708984, 1591.5467529296875)","(0.0, 0.0, 0.0, 0.0)","(-34850.37890625, 5.898556858025022e+29, -6.188980815201431e+22, 4.905690964562837e-09)"
2021/07/19/13:07:08.835907,114167,1626692830,446989973,base_link,"['wheel_left_rear_joint', 'wheel_right_rear_joint', 'wheel_left_front_joint', 'wheel_right_front_joint']","(35.92583465576172, 1585.858642578125, 31.928279876708984, 1591.5467529296875)","(0.0, 0.0, 0.0, 0.0)","(-34850.37890625, 5.898556858025022e+29, -6.188980815201431e+22, 4.905690964562837e-09)"
2021/07/19/13:07:08.853544,114168,1626692830,466989973,base_link,"['wheel_left_rear_joint', 'wheel_right_rear_joint', 'wheel_left_front_joint', 'wheel_right_front_joint']","(35.92430114746094, 1585.858642578125, 31.928279876708984, 1591.5467529296875)","(-0.07669904828071594, 0.0, 0.0, 0.0)","(-34850.37890625, 5.898556858025022e+29, -6.188980815201431e+22, 4.905690964562837e-09)"
2021/07/19/13:07:08.874986,114169,1626692830,486989973,base_link,"['wheel_left_rear_joint', 'wheel_right_rear_joint', 'wheel_left_front_joint', 'wheel_right_front_joint']","(35.92583465576172, 1585.858642578125, 31.928279876708984, 1591.5467529296875)","(0.07669904828071594, 0.0, 0.0, 0.0)","(-34850.37890625, 5.898556858025022e+29, -6.188980815201431e+22, 4.905690964562837e-09)"
2021/07/19/13:07:08.894559,114170,1626692830,506989973,base_link,"['wheel_left_rear_joint', 'wheel_right_rear_joint', 'wheel_left_front_joint', 'wheel_right_front_joint']","(35.92583465576172, 1585.858642578125, 31.928279876708984, 1591.5467529296875)","(0.0, 0.0, 0.0, 0.0)","(-34850.37890625, 5.898556858025022e+29, -6.188980815201431e+22, 4.905690964562837e-09)"
2021/07/19/13:07:08.915213,114171,1626692830,526989973,base_link,"['wheel_left_rear_joint', 'wheel_right_rear_joint', 'wheel_left_front_joint', 'wheel_right_front_joint']","(35.92583465576172, 1585.858642578125, 31.928279876708984, 1591.5467529296875)","(0.0, 0.0, 0.0, 0.0)","(-34850.37890625, 5.898556858025022e+29, -6.188980815201431e+22, 4.905690964562837e-09)"
2021/07/19/13:07:08.935271,114172,1626692830,546989973,base_link,"['wheel_left_rear_joint', 'wheel_right_rear_joint', 'wheel_left_front_joint', 'wheel_right_front_joint']","(35.92430114746094, 1585.857177734375, 31.928279876708984, 1591.5467529296875)","(-0.07669904828071594, -0.07669904828071594, 0.0, 0.0)","(-34850.37890625, 5.898556858025022e+29, -6.188980815201431e+22, 4.905690964562837e-09)"
2021/07/19/13:07:08.954574,114173,1626692830,566989973,base_link,"['wheel_left_rear_joint', 'wheel_right_rear_joint', 'wheel_left_front_joint', 'wheel_right_front_joint']","(35.92583465576172, 1585.857177734375, 31.928279876708984, 1591.5467529296875)","(0.07669904828071594, 0.0, 0.0, 0.0)","(-34850.37890625, 5.898556858025022e+29, -6.188980815201431e+22, 4.905690964562837e-09)"
2021/07/19/13:07:08.974555,114174,1626692830,586989973,base_link,"['wheel_left_rear_joint', 'wheel_right_rear_joint', 'wheel_left_front_joint', 'wheel_right_front_joint']","(35.92430114746094, 1585.858642578125, 31.928279876708984, 1591.5467529296875)","(-0.07669904828071594, 0.07669904828071594, 0.0, 0.0)","(-34850.37890625, 5.898556858025022e+29, -6.188980815201431e+22, 4.905690964562837e-09)"
2021/07/19/13:07:08.993357,114175,1626692830,606989973,base_link,"['wheel_left_rear_joint', 'wheel_right_rear_joint', 'wheel_left_front_joint', 'wheel_right_front_joint']","(35.92583465576172, 1585.858642578125, 31.928279876708984, 1591.5467529296875)","(0.07669904828071594, 0.0, 0.0, 0.0)","(-34850.37890625, 5.898556858025022e+29, -6.188980815201431e+22, 4.905690964562837e-09)"
2021/07/19/13:07:09.013814,114176,1626692830,626989973,base_link,"['wheel_left_rear_joint', 'wheel_right_rear_joint', 'wheel_left_front_joint', 'wheel_right_front_joint']","(35.92583465576172, 1585.858642578125, 31.928279876708984, 1591.5467529296875)","(0.0, 0.0, 0.0, 0.0)","(-34850.37890625, 5.898556858025022e+29, -6.188980815201431e+22, 4.905690964562837e-09)"
2021/07/19/13:07:09.034057,114177,1626692830,646989973,base_link,"['wheel_left_rear_joint', 'wheel_right_rear_joint', 'wheel_left_front_joint', 'wheel_right_front_joint']","(35.92583465576172, 1585.858642578125, 31.928279876708984, 1591.5467529296875)","(0.0, 0.0, 0.0, 0.0)","(-34850.37890625, 5.898556858025022e+29, -6.188980815201431e+22, 4.905690964562837e-09)"
2021/07/19/13:07:09.056809,114178,1626692830,665989973,base_link,"['wheel_left_rear_joint', 'wheel_right_rear_joint', 'wheel_left_front_joint', 'wheel_right_front_joint']","(35.92583465576172, 1585.858642578125, 31.928279876708984, 1591.5467529296875)","(0.0, 0.0, 0.0, 0.0)","(-34850.37890625, 5.898556858025022e+29, -6.188980815201431e+22, 4.905690964562837e-09)"
2021/07/19/13:07:09.074208,114179,1626692830,685989973,base_link,"['wheel_left_rear_joint', 'wheel_right_rear_joint', 'wheel_left_front_joint', 'wheel_right_front_joint']","(35.92583465576172, 1585.857177734375, 31.928279876708984, 1591.5467529296875)","(0.0, -0.07669904828071594, 0.0, 0.0)","(-34850.37890625, 5.898556858025022e+29, -6.188980815201431e+22, 4.905690964562837e-09)"
2021/07/19/13:07:09.095170,114180,1626692830,705989973,base_link,"['wheel_left_rear_joint', 'wheel_right_rear_joint', 'wheel_left_front_joint', 'wheel_right_front_joint']","(35.92430114746094, 1585.858642578125, 31.928279876708984, 1591.5467529296875)","(-0.07669904828071594, 0.07669904828071594, 0.0, 0.0)","(-34850.37890625, 5.898556858025022e+29, -6.188980815201431e+22, 4.905690964562837e-09)"
2021/07/19/13:07:09.116501,114181,1626692830,725989973,base_link,"['wheel_left_rear_joint', 'wheel_right_rear_joint', 'wheel_left_front_joint', 'wheel_right_front_joint']","(35.92583465576172, 1585.858642578125, 31.928279876708984, 1591.5467529296875)","(0.07669904828071594, 0.0, 0.0, 0.0)","(-34850.37890625, 5.898556858025022e+29, -6.188980815201431e+22, 4.905690964562837e-09)"
2021/07/19/13:07:09.136044,114182,1626692830,747989973,base_link,"['wheel_left_rear_joint', 'wheel_right_rear_joint', 'wheel_left_front_joint', 'wheel_right_front_joint']","(35.92583465576172, 1585.857177734375, 31.928279876708984, 1591.5467529296875)","(0.0, -0.06972640752792358, 0.0, 0.0)","(-34850.37890625, 5.898556858025022e+29, -6.188980815201431e+22, 4.905690964562837e-09)"
2021/07/19/13:07:09.257440,114183,1626692830,765989973,base_link,"['wheel_left_rear_joint', 'wheel_right_rear_joint', 'wheel_left_front_joint', 'wheel_right_front_joint']","(35.92583465576172, 1585.857177734375, 31.928279876708984, 1591.5467529296875)","(0.0, 0.0, 0.0, 0.0)","(-34850.37890625, 5.898556858025022e+29, -6.188980815201431e+22, 4.905690964562837e-09)"
2021/07/19/13:07:09.257472,114184,1626692830,785989973,base_link,"['wheel_left_rear_joint', 'wheel_right_rear_joint', 'wheel_left_front_joint', 'wheel_right_front_joint']","(35.92583465576172, 1585.858642578125, 31.928279876708984, 1591.5467529296875)","(0.0, 0.07669904828071594, 0.0, 0.0)","(-34850.37890625, 5.898556858025022e+29, -6.188980815201431e+22, 4.905690964562837e-09)"
2021/07/19/13:07:09.257477,114185,1626692830,805989973,base_link,"['wheel_left_rear_joint', 'wheel_right_rear_joint', 'wheel_left_front_joint', 'wheel_right_front_joint']","(35.92583465576172, 1585.858642578125, 31.928279876708984, 1591.5467529296875)","(0.0, 0.0, 0.0, 0.0)","(-34850.37890625, 5.898556858025022e+29, -6.188980815201431e+22, 4.905690964562837e-09)"
2021/07/19/13:07:09.257538,114186,1626692830,826989973,base_link,"['wheel_left_rear_joint', 'wheel_right_rear_joint', 'wheel_left_front_joint', 'wheel_right_front_joint']","(35.92583465576172, 1585.857177734375, 31.928279876708984, 1591.5467529296875)","(0.0, -0.0730467140674591, 0.0, 0.0)","(-34850.37890625, 5.898556858025022e+29, -6.188980815201431e+22, 4.905690964562837e-09)"
2021/07/19/13:07:09.257548,114187,1626692830,846989973,base_link,"['wheel_left_rear_joint', 'wheel_right_rear_joint', 'wheel_left_front_joint', 'wheel_right_front_joint']","(35.92583465576172, 1585.858642578125, 31.928279876708984, 1591.5467529296875)","(0.0, 0.07669904828071594, 0.0, 0.0)","(-34850.37890625, 5.898556858025022e+29, -6.188980815201431e+22, 4.905690964562837e-09)"
2021/07/19/13:07:09.270654,114188,1626692830,866989973,base_link,"['wheel_left_rear_joint', 'wheel_right_rear_joint', 'wheel_left_front_joint', 'wheel_right_front_joint']","(35.92583465576172, 1585.857177734375, 31.928279876708984, 1591.5467529296875)","(0.0, -0.07669904828071594, 0.0, 0.0)","(-34850.37890625, 5.898556858025022e+29, -6.188980815201431e+22, 4.905690964562837e-09)"
2021/07/19/13:07:09.375778,114189,1626692830,886989973,base_link,"['wheel_left_rear_joint', 'wheel_right_rear_joint', 'wheel_left_front_joint', 'wheel_right_front_joint']","(35.92430114746094, 1585.858642578125, 31.928279876708984, 1591.5467529296875)","(-0.07669904828071594, 0.07669904828071594, 0.0, 0.0)","(-34850.37890625, 5.898556858025022e+29, -6.188980815201431e+22, 4.905690964562837e-09)"
2021/07/19/13:07:09.375808,114190,1626692830,906989973,base_link,"['wheel_left_rear_joint', 'wheel_right_rear_joint', 'wheel_left_front_joint', 'wheel_right_front_joint']","(35.92583465576172, 1585.858642578125, 31.928279876708984, 1591.5467529296875)","(0.07669904828071594, 0.0, 0.0, 0.0)","(-34850.37890625, 5.898556858025022e+29, -6.188980815201431e+22, 4.905690964562837e-09)"
2021/07/19/13:07:09.375820,114191,1626692830,926989973,base_link,"['wheel_left_rear_joint', 'wheel_right_rear_joint', 'wheel_left_front_joint', 'wheel_right_front_joint']","(35.92430114746094, 1585.858642578125, 31.928279876708984, 1591.5467529296875)","(-0.07669904828071594, 0.0, 0.0, 0.0)","(-34850.37890625, 5.898556858025022e+29, -6.188980815201431e+22, 4.905690964562837e-09)"
2021/07/19/13:07:09.375851,114192,1626692830,946989973,base_link,"['wheel_left_rear_joint', 'wheel_right_rear_joint', 'wheel_left_front_joint', 'wheel_right_front_joint']","(35.92583465576172, 1585.858642578125, 31.928279876708984, 1591.5467529296875)","(0.07669904828071594, 0.0, 0.0, 0.0)","(-34850.37890625, 5.898556858025022e+29, -6.188980815201431e+22, 4.905690964562837e-09)"
2021/07/19/13:07:09.375857,114193,1626692830,966989973,base_link,"['wheel_left_rear_joint', 'wheel_right_rear_joint', 'wheel_left_front_joint', 'wheel_right_front_joint']","(35.92583465576172, 1585.858642578125, 31.928279876708984, 1591.5467529296875)","(0.0, 0.0, 0.0, 0.0)","(-34850.37890625, 5.898556858025022e+29, -6.188980815201431e+22, 4.905690964562837e-09)"
2021/07/19/13:07:09.393975,114194,1626692830,986989973,base_link,"['wheel_left_rear_joint', 'wheel_right_rear_joint', 'wheel_left_front_joint', 'wheel_right_front_joint']","(35.92583465576172, 1585.857177734375, 31.928279876708984, 1591.5467529296875)","(0.0, -0.07669904828071594, 0.0, 0.0)","(-34850.37890625, 5.898556858025022e+29, -6.188980815201431e+22, 4.905690964562837e-09)"
2021/07/19/13:07:09.400187,114195,1626692831,6989973,base_link,"['wheel_left_rear_joint', 'wheel_right_rear_joint', 'wheel_left_front_joint', 'wheel_right_front_joint']","(35.92583465576172, 1585.858642578125, 31.928279876708984, 1591.5467529296875)","(0.0, 0.07669904828071594, 0.0, 0.0)","(-34850.37890625, 5.898556858025022e+29, -6.188980815201431e+22, 4.905690964562837e-09)"
2021/07/19/13:07:09.414434,114196,1626692831,26989973,base_link,"['wheel_left_rear_joint', 'wheel_right_rear_joint', 'wheel_left_front_joint', 'wheel_right_front_joint']","(35.92430114746094, 1585.857177734375, 31.928279876708984, 1591.5467529296875)","(-0.07669904828071594, -0.07669904828071594, 0.0, 0.0)","(-34850.37890625, 5.898556858025022e+29, -6.188980815201431e+22, 4.905690964562837e-09)"
2021/07/19/13:07:09.435475,114197,1626692831,46989973,base_link,"['wheel_left_rear_joint', 'wheel_right_rear_joint', 'wheel_left_front_joint', 'wheel_right_front_joint']","(35.92583465576172, 1585.858642578125, 31.928279876708984, 1591.5467529296875)","(0.07669904828071594, 0.07669904828071594, 0.0, 0.0)","(-34850.37890625, 5.898556858025022e+29, -6.188980815201431e+22, 4.905690964562837e-09)"
2021/07/19/13:07:09.468398,114198,1626692831,66989973,base_link,"['wheel_left_rear_joint', 'wheel_right_rear_joint', 'wheel_left_front_joint', 'wheel_right_front_joint']","(35.92430114746094, 1585.858642578125, 31.928279876708984, 1591.5467529296875)","(-0.07669904828071594, 0.0, 0.0, 0.0)","(-34850.37890625, 5.898556858025022e+29, -6.188980815201431e+22, 4.905690964562837e-09)"
2021/07/19/13:07:09.475211,114199,1626692831,86989973,base_link,"['wheel_left_rear_joint', 'wheel_right_rear_joint', 'wheel_left_front_joint', 'wheel_right_front_joint']","(35.92583465576172, 1585.858642578125, 31.928279876708984, 1591.5467529296875)","(0.07669904828071594, 0.0, 0.0, 0.0)","(-34850.37890625, 5.898556858025022e+29, -6.188980815201431e+22, 4.905690964562837e-09)"
2021/07/19/13:07:09.493378,114200,1626692831,106989973,base_link,"['wheel_left_rear_joint', 'wheel_right_rear_joint', 'wheel_left_front_joint', 'wheel_right_front_joint']","(35.92583465576172, 1585.858642578125, 31.928279876708984, 1591.5467529296875)","(0.0, 0.0, 0.0, 0.0)","(-34850.37890625, 5.898556858025022e+29, -6.188980815201431e+22, 4.905690964562837e-09)"
2021/07/19/13:07:09.513287,114201,1626692831,126989973,base_link,"['wheel_left_rear_joint', 'wheel_right_rear_joint', 'wheel_left_front_joint', 'wheel_right_front_joint']","(35.92583465576172, 1585.858642578125, 31.928279876708984, 1591.5467529296875)","(0.0, 0.0, 0.0, 0.0)","(-34850.37890625, 5.898556858025022e+29, -6.188980815201431e+22, 4.905690964562837e-09)"
2021/07/19/13:07:09.535815,114202,1626692831,146989973,base_link,"['wheel_left_rear_joint', 'wheel_right_rear_joint', 'wheel_left_front_joint', 'wheel_right_front_joint']","(35.92583465576172, 1585.857177734375, 31.928279876708984, 1591.5467529296875)","(0.0, -0.07669904828071594, 0.0, 0.0)","(-34850.37890625, 5.898556858025022e+29, -6.188980815201431e+22, 4.905690964562837e-09)"
2021/07/19/13:07:09.554906,114203,1626692831,166989973,base_link,"['wheel_left_rear_joint', 'wheel_right_rear_joint', 'wheel_left_front_joint', 'wheel_right_front_joint']","(35.92583465576172, 1585.858642578125, 31.928279876708984, 1591.5467529296875)","(0.0, 0.07669904828071594, 0.0, 0.0)","(-34850.37890625, 5.898556858025022e+29, -6.188980815201431e+22, 4.905690964562837e-09)"
2021/07/19/13:07:09.581579,114204,1626692831,186989973,base_link,"['wheel_left_rear_joint', 'wheel_right_rear_joint', 'wheel_left_front_joint', 'wheel_right_front_joint']","(35.92583465576172, 1585.858642578125, 31.928279876708984, 1591.5467529296875)","(0.0, 0.0, 0.0, 0.0)","(-34850.37890625, 5.898556858025022e+29, -6.188980815201431e+22, 4.905690964562837e-09)"
2021/07/19/13:07:09.595167,114205,1626692831,206989973,base_link,"['wheel_left_rear_joint', 'wheel_right_rear_joint', 'wheel_left_front_joint', 'wheel_right_front_joint']","(35.92583465576172, 1585.857177734375, 31.928279876708984, 1591.5467529296875)","(0.0, -0.07669904828071594, 0.0, 0.0)","(-34850.37890625, 5.898556858025022e+29, -6.188980815201431e+22, 4.905690964562837e-09)"
2021/07/19/13:07:09.614949,114206,1626692831,226989973,base_link,"['wheel_left_rear_joint', 'wheel_right_rear_joint', 'wheel_left_front_joint', 'wheel_right_front_joint']","(35.92583465576172, 1585.858642578125, 31.928279876708984, 1591.5467529296875)","(0.0, 0.07669904828071594, 0.0, 0.0)","(-34850.37890625, 5.898556858025022e+29, -6.188980815201431e+22, 4.905690964562837e-09)"
2021/07/19/13:07:09.633349,114207,1626692831,246989973,base_link,"['wheel_left_rear_joint', 'wheel_right_rear_joint', 'wheel_left_front_joint', 'wheel_right_front_joint']","(35.92583465576172, 1585.858642578125, 31.928279876708984, 1591.5467529296875)","(0.0, 0.0, 0.0, 0.0)","(-34850.37890625, 5.898556858025022e+29, -6.188980815201431e+22, 4.905690964562837e-09)"
2021/07/19/13:07:09.656113,114208,1626692831,266989973,base_link,"['wheel_left_rear_joint', 'wheel_right_rear_joint', 'wheel_left_front_joint', 'wheel_right_front_joint']","(35.92583465576172, 1585.858642578125, 31.928279876708984, 1591.5467529296875)","(0.0, 0.0, 0.0, 0.0)","(-34850.37890625, 5.898556858025022e+29, -6.188980815201431e+22, 4.905690964562837e-09)"
2021/07/19/13:07:09.674217,114209,1626692831,286989973,base_link,"['wheel_left_rear_joint', 'wheel_right_rear_joint', 'wheel_left_front_joint', 'wheel_right_front_joint']","(35.92583465576172, 1585.857177734375, 31.928279876708984, 1591.5467529296875)","(0.0, -0.07669904828071594, 0.0, 0.0)","(-34850.37890625, 5.898556858025022e+29, -6.188980815201431e+22, 4.905690964562837e-09)"
2021/07/19/13:07:09.698410,114210,1626692831,306989973,base_link,"['wheel_left_rear_joint', 'wheel_right_rear_joint', 'wheel_left_front_joint', 'wheel_right_front_joint']","(35.92583465576172, 1585.857177734375, 31.928279876708984, 1591.5467529296875)","(0.0, 0.0, 0.0, 0.0)","(-34850.37890625, 5.898556858025022e+29, -6.188980815201431e+22, 4.905690964562837e-09)"
2021/07/19/13:07:09.714204,114211,1626692831,326989973,base_link,"['wheel_left_rear_joint', 'wheel_right_rear_joint', 'wheel_left_front_joint', 'wheel_right_front_joint']","(35.92430114746094, 1585.858642578125, 31.928279876708984, 1591.5467529296875)","(-0.07669904828071594, 0.07669904828071594, 0.0, 0.0)","(-34850.37890625, 5.898556858025022e+29, -6.188980815201431e+22, 4.905690964562837e-09)"
2021/07/19/13:07:09.735968,114212,1626692831,346989973,base_link,"['wheel_left_rear_joint', 'wheel_right_rear_joint', 'wheel_left_front_joint', 'wheel_right_front_joint']","(35.92583465576172, 1585.858642578125, 31.928279876708984, 1591.5467529296875)","(0.07669904828071594, 0.0, 0.0, 0.0)","(-34850.37890625, 5.898556858025022e+29, -6.188980815201431e+22, 4.905690964562837e-09)"
2021/07/19/13:07:09.753649,114213,1626692831,366989973,base_link,"['wheel_left_rear_joint', 'wheel_right_rear_joint', 'wheel_left_front_joint', 'wheel_right_front_joint']","(35.92583465576172, 1585.858642578125, 31.928279876708984, 1591.5467529296875)","(0.0, 0.0, 0.0, 0.0)","(-34850.37890625, 5.898556858025022e+29, -6.188980815201431e+22, 4.905690964562837e-09)"
2021/07/19/13:07:09.775209,114214,1626692831,386989973,base_link,"['wheel_left_rear_joint', 'wheel_right_rear_joint', 'wheel_left_front_joint', 'wheel_right_front_joint']","(35.93043518066406, 1585.8648681640625, 31.93134880065918, 1591.5528564453125)","(0.23009714484214783, 0.30679619312286377, 0.15339809656143188, 0.30679619312286377)","(-34850.37890625, 5.898556858025022e+29, -6.188980815201431e+22, 4.905690964562837e-09)"
2021/07/19/13:07:09.799815,114215,1626692831,407989973,base_link,"['wheel_left_rear_joint', 'wheel_right_rear_joint', 'wheel_left_front_joint', 'wheel_right_front_joint']","(35.944244384765625, 1585.878662109375, 31.946687698364258, 1591.5650634765625)","(0.6574204564094543, 0.6574204564094543, 0.7304671406745911, 0.5843737125396729)","(-34850.37890625, 5.898556858025022e+29, -6.188980815201431e+22, 4.905690964562837e-09)"
2021/07/19/13:07:09.814282,114216,1626692831,426989973,base_link,"['wheel_left_rear_joint', 'wheel_right_rear_joint', 'wheel_left_front_joint', 'wheel_right_front_joint']","(35.961116790771484, 1585.8924560546875, 31.96356201171875, 1591.5789794921875)","(0.8880942463874817, 0.7266225814819336, 0.8880942463874817, 0.7266225814819336)","(-34850.37890625, 5.898556858025022e+29, -6.188980815201431e+22, 4.905690964562837e-09)"
2021/07/19/13:07:09.834937,114217,1626692831,446989973,base_link,"['wheel_left_rear_joint', 'wheel_right_rear_joint', 'wheel_left_front_joint', 'wheel_right_front_joint']","(35.979522705078125, 1585.910888671875, 31.980436325073242, 1591.5958251953125)","(0.9203885793685913, 0.9203885793685913, 0.8436895608901978, 0.8436895608901978)","(-34850.37890625, 5.898556858025022e+29, -6.188980815201431e+22, 4.905690964562837e-09)"
2021/07/19/13:07:09.856138,114218,1626692831,466989973,base_link,"['wheel_left_rear_joint', 'wheel_right_rear_joint', 'wheel_left_front_joint', 'wheel_right_front_joint']","(36.000999450683594, 1585.932373046875, 32.00191116333008, 1591.6173095703125)","(1.073786735534668, 1.073786735534668, 1.073786735534668, 1.073786735534668)","(-34850.37890625, 5.898556858025022e+29, -6.188980815201431e+22, 4.905690964562837e-09)"
2021/07/19/13:07:09.873944,114219,1626692831,486332103,base_link,"['wheel_left_rear_joint', 'wheel_right_rear_joint', 'wheel_left_front_joint', 'wheel_right_front_joint']","(36.025543212890625, 1585.9569091796875, 32.02645492553711, 1591.6402587890625)","(1.227184772491455, 1.227184772491455, 1.227184772491455, 1.1504857540130615)","(-34850.37890625, 5.898556858025022e+29, -6.188980815201431e+22, 4.905690964562837e-09)"
2021/07/19/13:07:09.898286,114220,1626692831,506332103,base_link,"['wheel_left_rear_joint', 'wheel_right_rear_joint', 'wheel_left_front_joint', 'wheel_right_front_joint']","(36.05315399169922, 1585.9844970703125, 32.0540657043457, 1591.6678466796875)","(1.3805829286575317, 1.3805829286575317, 1.3805829286575317, 1.3805829286575317)","(-34850.37890625, 5.898556858025022e+29, -6.188980815201431e+22, 4.905690964562837e-09)"
2021/07/19/13:07:09.914244,114221,1626692831,526332103,base_link,"['wheel_left_rear_joint', 'wheel_right_rear_joint', 'wheel_left_front_joint', 'wheel_right_front_joint']","(36.08076858520508, 1586.009033203125, 32.07707595825195, 1591.6939697265625)","(1.3805829286575317, 1.227184772491455, 1.1504857540130615, 1.3038837909698486)","(-34850.37890625, 5.898556858025022e+29, -6.188980815201431e+22, 4.905690964562837e-09)"
2021/07/19/13:07:09.935146,114222,1626692831,546332103,base_link,"['wheel_left_rear_joint', 'wheel_right_rear_joint', 'wheel_left_front_joint', 'wheel_right_front_joint']","(36.10684585571289, 1586.03662109375, 32.103153228759766, 1591.7200927734375)","(1.3038837909698486, 1.3805829286575317, 1.3038837909698486, 1.3038837909698486)","(-34850.37890625, 5.898556858025022e+29, -6.188980815201431e+22, 4.905690964562837e-09)"
2021/07/19/13:07:09.954372,114223,1626692831,565332103,base_link,"['wheel_left_rear_joint', 'wheel_right_rear_joint', 'wheel_left_front_joint', 'wheel_right_front_joint']","(36.134456634521484, 1586.064208984375, 32.130767822265625, 1591.7476806640625)","(1.4532451629638672, 1.4532451629638672, 1.4532451629638672, 1.4532451629638672)","(-34850.37890625, 5.898556858025022e+29, -6.188980815201431e+22, 4.905690964562837e-09)"
2021/07/19/13:07:09.976454,114224,1626692831,586332103,base_link,"['wheel_left_rear_joint', 'wheel_right_rear_joint', 'wheel_left_front_joint', 'wheel_right_front_joint']","(36.16206741333008, 1586.094970703125, 32.159912109375, 1591.7783203125)","(1.3148409128189087, 1.4609342813491821, 1.3878875970840454, 1.4609342813491821)","(-34850.37890625, 5.898556858025022e+29, -6.188980815201431e+22, 4.905690964562837e-09)"
2021/07/19/13:07:09.995324,114225,1626692831,605332103,base_link,"['wheel_left_rear_joint', 'wheel_right_rear_joint', 'wheel_left_front_joint', 'wheel_right_front_joint']","(36.19121551513672, 1586.1240234375, 32.190589904785156, 1591.8074951171875)","(1.5339809656143188, 1.5339809656143188, 1.61471688747406, 1.5339809656143188)","(-34850.37890625, 5.898556858025022e+29, -6.188980815201431e+22, 4.905690964562837e-09)"
2021/07/19/13:07:10.017583,114226,1626692831,625332103,base_link,"['wheel_left_rear_joint', 'wheel_right_rear_joint', 'wheel_left_front_joint', 'wheel_right_front_joint']","(36.220359802246094, 1586.1531982421875, 32.22127151489258, 1591.836669921875)","(1.4572819471359253, 1.4572819471359253, 1.5339809656143188, 1.4572819471359253)","(-34850.37890625, 5.898556858025022e+29, -6.188980815201431e+22, 4.905690964562837e-09)"
2021/07/19/13:07:10.035778,114227,1626692831,645332103,base_link,"['wheel_left_rear_joint', 'wheel_right_rear_joint', 'wheel_left_front_joint', 'wheel_right_front_joint']","(36.25103759765625, 1586.1839599609375, 32.251949310302734, 1591.8673095703125)","(1.5339809656143188, 1.5339809656143188, 1.5339809656143188, 1.5339809656143188)","(-34850.37890625, 5.898556858025022e+29, -6.188980815201431e+22, 4.905690964562837e-09)"
2021/07/19/13:07:10.056838,114228,1626692831,665332103,base_link,"['wheel_left_rear_joint', 'wheel_right_rear_joint', 'wheel_left_front_joint', 'wheel_right_front_joint']","(36.28325271606445, 1586.216064453125, 32.282630920410156, 1591.8995361328125)","(1.610680103302002, 1.610680103302002, 1.5339809656143188, 1.610680103302002)","(-34850.37890625, 5.898556858025022e+29, -6.188980815201431e+22, 4.905690964562837e-09)"
2021/07/19/13:07:10.073942,114229,1626692831,685332103,base_link,"['wheel_left_rear_joint', 'wheel_right_rear_joint', 'wheel_left_front_joint', 'wheel_right_front_joint']","(36.31393051147461, 1586.246826171875, 32.31330871582031, 1591.9287109375)","(1.5339809656143188, 1.5339809656143188, 1.5339809656143188, 1.4572819471359253)","(-34850.37890625, 5.898556858025022e+29, -6.188980815201431e+22, 4.905690964562837e-09)"
2021/07/19/13:07:10.096731,114230,1626692831,705332103,base_link,"['wheel_left_rear_joint', 'wheel_right_rear_joint', 'wheel_left_front_joint', 'wheel_right_front_joint']","(36.34614562988281, 1586.279052734375, 32.343990325927734, 1591.9593505859375)","(1.610680103302002, 1.610680103302002, 1.5339809656143188, 1.5339809656143188)","(-34850.37890625, 5.898556858025022e+29, -6.188980815201431e+22, 4.905690964562837e-09)"
2021/07/19/13:07:10.117849,114231,1626692831,725332103,base_link,"['wheel_left_rear_joint', 'wheel_right_rear_joint', 'wheel_left_front_joint', 'wheel_right_front_joint']","(36.376827239990234, 1586.30810546875, 32.37466812133789, 1591.9930419921875)","(1.5339809656143188, 1.4572819471359253, 1.5339809656143188, 1.6873791217803955)","(-34850.37890625, 5.898556858025022e+29, -6.188980815201431e+22, 4.905690964562837e-09)"
2021/07/19/13:07:10.135499,114232,1626692831,745332103,base_link,"['wheel_left_rear_joint', 'wheel_right_rear_joint', 'wheel_left_front_joint', 'wheel_right_front_joint']","(36.40903854370117, 1586.34033203125, 32.406883239746094, 1592.022216796875)","(1.610680103302002, 1.610680103302002, 1.610680103302002, 1.4572819471359253)","(-34850.37890625, 5.898556858025022e+29, -6.188980815201431e+22, 4.905690964562837e-09)"
2021/07/19/13:07:10.255003,114233,1626692831,765332103,base_link,"['wheel_left_rear_joint', 'wheel_right_rear_joint', 'wheel_left_front_joint', 'wheel_right_front_joint']","(36.439720153808594, 1586.37109375, 32.43756103515625, 1592.0513916015625)","(1.5339809656143188, 1.5339809656143188, 1.5339809656143188, 1.4572819471359253)","(-34850.37890625, 5.898556858025022e+29, -6.188980815201431e+22, 4.905690964562837e-09)"
2021/07/19/13:07:10.255025,114234,1626692831,785332103,base_link,"['wheel_left_rear_joint', 'wheel_right_rear_joint', 'wheel_left_front_joint', 'wheel_right_front_joint']","(36.46733093261719, 1586.400146484375, 32.46670913696289, 1592.08203125)","(1.3805829286575317, 1.4572819471359253, 1.4572819471359253, 1.5339809656143188)","(-34850.37890625, 5.898556858025022e+29, -6.188980815201431e+22, 4.905690964562837e-09)"
2021/07/19/13:07:10.255033,114235,1626692831,805332103,base_link,"['wheel_left_rear_joint', 'wheel_right_rear_joint', 'wheel_left_front_joint', 'wheel_right_front_joint']","(36.498008728027344, 1586.4293212890625, 32.495853424072266, 1592.11279296875)","(1.5339809656143188, 1.4572819471359253, 1.4572819471359253, 1.5339809656143188)","(-34850.37890625, 5.898556858025022e+29, -6.188980815201431e+22, 4.905690964562837e-09)"
2021/07/19/13:07:10.255043,114236,1626692831,825332103,base_link,"['wheel_left_rear_joint', 'wheel_right_rear_joint', 'wheel_left_front_joint', 'wheel_right_front_joint']","(36.527156829833984, 1586.4600830078125, 32.52499771118164, 1592.1434326171875)","(1.4572819471359253, 1.5339809656143188, 1.4572819471359253, 1.5339809656143188)","(-34850.37890625, 5.898556858025022e+29, -6.188980815201431e+22, 4.905690964562837e-09)"
2021/07/19/13:07:10.255070,114237,1626692831,845332103,base_link,"['wheel_left_rear_joint', 'wheel_right_rear_joint', 'wheel_left_front_joint', 'wheel_right_front_joint']","(36.55630111694336, 1586.4891357421875, 32.55567932128906, 1592.174072265625)","(1.4572819471359253, 1.4572819471359253, 1.5339809656143188, 1.5339809656143188)","(-34850.37890625, 5.898556858025022e+29, -6.188980815201431e+22, 4.905690964562837e-09)"
2021/07/19/13:07:10.277800,114238,1626692831,865332103,base_link,"['wheel_left_rear_joint', 'wheel_right_rear_joint', 'wheel_left_front_joint', 'wheel_right_front_joint']","(36.58698272705078, 1586.518310546875, 32.583290100097656, 1592.20166015625)","(1.5339809656143188, 1.4572819471359253, 1.3805829286575317, 1.3805829286575317)","(-34850.37890625, 5.898556858025022e+29, -6.188980815201431e+22, 4.905690964562837e-09)"
2021/07/19/13:07:10.277821,114239,1626692831,885332103,base_link,"['wheel_left_rear_joint', 'wheel_right_rear_joint', 'wheel_left_front_joint', 'wheel_right_front_joint']","(36.61766052246094, 1586.5489501953125, 32.61397171020508, 1592.232421875)","(1.5339809656143188, 1.5339809656143188, 1.5339809656143188, 1.5339809656143188)","(-34850.37890625, 5.898556858025022e+29, -6.188980815201431e+22, 4.905690964562837e-09)"
2021/07/19/13:07:10.394553,114240,1626692831,905332103,base_link,"['wheel_left_rear_joint', 'wheel_right_rear_joint', 'wheel_left_front_joint', 'wheel_right_front_joint']","(36.648338317871094, 1586.5797119140625, 32.64311599731445, 1592.2615966796875)","(1.5339809656143188, 1.5339809656143188, 1.4572819471359253, 1.4572819471359253)","(-34850.37890625, 5.898556858025022e+29, -6.188980815201431e+22, 4.905690964562837e-09)"
2021/07/19/13:07:10.394575,114241,1626692831,925332103,base_link,"['wheel_left_rear_joint', 'wheel_right_rear_joint', 'wheel_left_front_joint', 'wheel_right_front_joint']","(36.679019927978516, 1586.6087646484375, 32.67379379272461, 1592.2906494140625)","(1.5339809656143188, 1.4572819471359253, 1.5339809656143188, 1.4572819471359253)","(-34850.37890625, 5.898556858025022e+29, -6.188980815201431e+22, 4.905690964562837e-09)"
2021/07/19/13:07:10.394605,114242,1626692831,945332103,base_link,"['wheel_left_rear_joint', 'wheel_right_rear_joint', 'wheel_left_front_joint', 'wheel_right_front_joint']","(36.70816421508789, 1586.6395263671875, 32.70447540283203, 1592.3214111328125)","(1.4572819471359253, 1.5339809656143188, 1.5339809656143188, 1.5339809656143188)","(-34850.37890625, 5.898556858025022e+29, -6.188980815201431e+22, 4.905690964562837e-09)"
2021/07/19/13:07:10.394614,114243,1626692831,965332103,base_link,"['wheel_left_rear_joint', 'wheel_right_rear_joint', 'wheel_left_front_joint', 'wheel_right_front_joint']","(36.740379333496094, 1586.670166015625, 32.73515319824219, 1592.35205078125)","(1.610680103302002, 1.5339809656143188, 1.5339809656143188, 1.5339809656143188)","(-34850.37890625, 5.898556858025022e+29, -6.188980815201431e+22, 4.905690964562837e-09)"
2021/07/19/13:07:10.394620,114244,1626692831,985332103,base_link,"['wheel_left_rear_joint', 'wheel_right_rear_joint', 'wheel_left_front_joint', 'wheel_right_front_joint']","(36.77105712890625, 1586.6993408203125, 32.76583480834961, 1592.3826904296875)","(1.5339809656143188, 1.4572819471359253, 1.5339809656143188, 1.5339809656143188)","(-34850.37890625, 5.898556858025022e+29, -6.188980815201431e+22, 4.905690964562837e-09)"
2021/07/19/13:07:10.438652,114245,1626692832,5332103,base_link,"['wheel_left_rear_joint', 'wheel_right_rear_joint', 'wheel_left_front_joint', 'wheel_right_front_joint']","(36.80327224731445, 1586.72998046875, 32.796512603759766, 1592.411865234375)","(1.610680103302002, 1.5339809656143188, 1.5339809656143188, 1.4572819471359253)","(-34850.37890625, 5.898556858025022e+29, -6.188980815201431e+22, 4.905690964562837e-09)"
2021/07/19/13:07:10.438659,114246,1626692832,25332103,base_link,"['wheel_left_rear_joint', 'wheel_right_rear_joint', 'wheel_left_front_joint', 'wheel_right_front_joint']","(36.83395004272461, 1586.7607421875, 32.82872772216797, 1592.4425048828125)","(1.5339809656143188, 1.5339809656143188, 1.610680103302002, 1.5339809656143188)","(-34850.37890625, 5.898556858025022e+29, -6.188980815201431e+22, 4.905690964562837e-09)"
2021/07/19/13:07:10.438665,114247,1626692832,45332103,base_link,"['wheel_left_rear_joint', 'wheel_right_rear_joint', 'wheel_left_front_joint', 'wheel_right_front_joint']","(36.86463165283203, 1586.7913818359375, 32.857872009277344, 1592.4732666015625)","(1.5339809656143188, 1.5339809656143188, 1.4572819471359253, 1.5339809656143188)","(-34850.37890625, 5.898556858025022e+29, -6.188980815201431e+22, 4.905690964562837e-09)"
2021/07/19/13:07:10.453730,114248,1626692832,67332103,base_link,"['wheel_left_rear_joint', 'wheel_right_rear_joint', 'wheel_left_front_joint', 'wheel_right_front_joint']","(36.896846771240234, 1586.822021484375, 32.888553619384766, 1592.5069580078125)","(1.46425461769104, 1.3945281505584717, 1.3945281505584717, 1.5339809656143188)","(-34850.37890625, 5.898556858025022e+29, -6.188980815201431e+22, 4.905690964562837e-09)"
2021/07/19/13:07:10.473753,114249,1626692832,85332103,base_link,"['wheel_left_rear_joint', 'wheel_right_rear_joint', 'wheel_left_front_joint', 'wheel_right_front_joint']","(36.92445755004883, 1586.849609375, 32.91463088989258, 1592.531494140625)","(1.5339809656143188, 1.5339809656143188, 1.4487597942352295, 1.3635386228561401)","(-34850.37890625, 5.898556858025022e+29, -6.188980815201431e+22, 4.905690964562837e-09)"
2021/07/19/13:07:10.494900,114250,1626692832,105332103,base_link,"['wheel_left_rear_joint', 'wheel_right_rear_joint', 'wheel_left_front_joint', 'wheel_right_front_joint']","(36.95206832885742, 1586.8773193359375, 32.94224166870117, 1592.562255859375)","(1.3805829286575317, 1.3805829286575317, 1.3805829286575317, 1.5339809656143188)","(-34850.37890625, 5.898556858025022e+29, -6.188980815201431e+22, 4.905690964562837e-09)"
2021/07/19/13:07:10.522164,114251,1626692832,125332103,base_link,"['wheel_left_rear_joint', 'wheel_right_rear_joint', 'wheel_left_front_joint', 'wheel_right_front_joint']","(36.98274612426758, 1586.907958984375, 32.972923278808594, 1592.59130859375)","(1.5339809656143188, 1.5339809656143188, 1.5339809656143188, 1.4572819471359253)","(-34850.37890625, 5.898556858025022e+29, -6.188980815201431e+22, 4.905690964562837e-09)"
2021/07/19/13:07:10.538541,114252,1626692832,145332103,base_link,"['wheel_left_rear_joint', 'wheel_right_rear_joint', 'wheel_left_front_joint', 'wheel_right_front_joint']","(37.01189422607422, 1586.9371337890625, 33.00206756591797, 1592.6204833984375)","(1.4572819471359253, 1.4572819471359253, 1.4572819471359253, 1.4572819471359253)","(-34850.37890625, 5.898556858025022e+29, -6.188980815201431e+22, 4.905690964562837e-09)"
2021/07/19/13:07:10.571788,114253,1626692832,166332103,base_link,"['wheel_left_rear_joint', 'wheel_right_rear_joint', 'wheel_left_front_joint', 'wheel_right_front_joint']","(37.044105529785156, 1586.9677734375, 33.032745361328125, 1592.6527099609375)","(1.5339809656143188, 1.4609342813491821, 1.4609342813491821, 1.5339809656143188)","(-34850.37890625, 5.898556858025022e+29, -6.188980815201431e+22, 4.905690964562837e-09)"
2021/07/19/13:07:10.582898,114254,1626692832,185332103,base_link,"['wheel_left_rear_joint', 'wheel_right_rear_joint', 'wheel_left_front_joint', 'wheel_right_front_joint']","(37.0732536315918, 1586.9984130859375, 33.061893463134766, 1592.681884765625)","(1.5339809656143188, 1.61471688747406, 1.5339809656143188, 1.5339809656143188)","(-34850.37890625, 5.898556858025022e+29, -6.188980815201431e+22, 4.905690964562837e-09)"
2021/07/19/13:07:10.595712,114255,1626692832,205332103,base_link,"['wheel_left_rear_joint', 'wheel_right_rear_joint', 'wheel_left_front_joint', 'wheel_right_front_joint']","(37.10393142700195, 1587.0291748046875, 33.09257125854492, 1592.7109375)","(1.5339809656143188, 1.5339809656143188, 1.5339809656143188, 1.4572819471359253)","(-34850.37890625, 5.898556858025022e+29, -6.188980815201431e+22, 4.905690964562837e-09)"
