time,.header.seq,.header.stamp.secs,.header.stamp.nsecs,.header.frame_id,.voltage,.current,.charge,.capacity,.design_capacity,.percentage,.power_supply_status,.power_supply_health,.power_supply_technology,.present,.cell_voltage,.location,.serial_number
2021/07/20/11:06:17.649159,9186,1626771979,316104888,,22.3824996948,0.3186455369,0.0,7.13208341599,0.0,0.0,0,0,0,False,(),,
2021/07/20/11:06:17.681883,9187,1626771979,355643033,,22.3824996948,0.33191165328,0.0,7.42901229858,0.0,0.0,0,0,0,False,(),,
2021/07/20/11:06:17.722867,9188,1626771979,395759105,,22.3824996948,0.3186455369,0.0,7.13208341599,0.0,0.0,0,0,0,False,(),,
2021/07/20/11:06:17.926958,9189,1626771979,435703039,,22.3824996948,0.3186455369,0.0,7.13208341599,0.0,0.0,0,0,0,False,(),,
2021/07/20/11:06:17.926972,9190,1626771979,475754976,,22.3824996948,0.3186455369,0.0,7.13208341599,0.0,0.0,0,0,0,False,(),,
2021/07/20/11:06:17.926984,9191,1626771979,515712976,,22.3824996948,0.312012463808,0.0,6.98361873627,0.0,0.0,0,0,0,False,(),,
2021/07/20/11:06:17.926998,9192,1626771979,555787086,,22.3824996948,0.312012463808,0.0,6.98361873627,0.0,0.0,0,0,0,False,(),,
2021/07/20/11:06:17.928861,9193,1626771979,596080064,,22.3824996948,0.312012463808,0.0,6.98361873627,0.0,0.0,0,0,0,False,(),,
2021/07/20/11:06:17.962138,9194,1626771979,635581970,,22.3824996948,0.3186455369,0.0,7.13208341599,0.0,0.0,0,0,0,False,(),,
2021/07/20/11:06:18.002493,9195,1626771979,675735950,,22.3824996948,0.33191165328,0.0,7.42901229858,0.0,0.0,0,0,0,False,(),,
2021/07/20/11:06:18.042935,9196,1626771979,715734004,,22.3824996948,0.325278580189,0.0,7.28054761887,0.0,0.0,0,0,0,False,(),,
2021/07/20/11:06:18.083747,9197,1626771979,756067037,,22.3824996948,0.325278580189,0.0,7.28054761887,0.0,0.0,0,0,0,False,(),,
2021/07/20/11:06:18.123825,9198,1626771979,796180009,,22.3824996948,0.312012463808,0.0,6.98361873627,0.0,0.0,0,0,0,False,(),,
2021/07/20/11:06:18.163495,9199,1626771979,835901975,,22.3824996948,0.312012463808,0.0,6.98361873627,0.0,0.0,0,0,0,False,(),,
2021/07/20/11:06:18.202498,9200,1626771979,875962972,,22.3824996948,0.305379420519,0.0,6.83515453339,0.0,0.0,0,0,0,False,(),,
2021/07/20/11:06:18.244711,9201,1626771979,915734052,,22.3824996948,0.325278580189,0.0,7.28054761887,0.0,0.0,0,0,0,False,(),,
2021/07/20/11:06:18.282479,9202,1626771979,955615043,,22.3824996948,0.3186455369,0.0,7.13208341599,0.0,0.0,0,0,0,False,(),,
2021/07/20/11:06:18.323939,9203,1626771979,996318101,,22.3824996948,0.3186455369,0.0,7.13208341599,0.0,0.0,0,0,0,False,(),,
2021/07/20/11:06:18.362012,9204,1626771980,35415887,,22.3824996948,0.312012463808,0.0,6.98361873627,0.0,0.0,0,0,0,False,(),,
2021/07/20/11:06:18.402182,9205,1626771980,75659036,,22.3824996948,0.312012463808,0.0,6.98361873627,0.0,0.0,0,0,0,False,(),,
2021/07/20/11:06:18.442528,9206,1626771980,115673065,,22.3824996948,0.325278580189,0.0,7.28054761887,0.0,0.0,0,0,0,False,(),,
2021/07/20/11:06:18.483332,9207,1626771980,155746936,,22.3824996948,0.312012463808,0.0,6.98361873627,0.0,0.0,0,0,0,False,(),,
2021/07/20/11:06:18.524374,9208,1626771980,195894956,,22.3824996948,0.312012463808,0.0,6.98361873627,0.0,0.0,0,0,0,False,(),,
2021/07/20/11:06:18.563191,9209,1626771980,236008882,,22.3824996948,0.3186455369,0.0,7.13208341599,0.0,0.0,0,0,0,False,(),,
2021/07/20/11:06:18.602748,9210,1626771980,275806903,,22.3824996948,0.325278580189,0.0,7.28054761887,0.0,0.0,0,0,0,False,(),,
2021/07/20/11:06:18.645877,9211,1626771980,315634965,,22.3824996948,0.312012463808,0.0,6.98361873627,0.0,0.0,0,0,0,False,(),,
2021/07/20/11:06:18.682437,9212,1626771980,355714082,,22.3824996948,0.325278580189,0.0,7.28054761887,0.0,0.0,0,0,0,False,(),,
2021/07/20/11:06:18.723219,9213,1626771980,395881891,,22.3824996948,0.3186455369,0.0,7.13208341599,0.0,0.0,0,0,0,False,(),,
2021/07/20/11:06:18.929168,9214,1626771980,435631990,,22.3824996948,0.3186455369,0.0,7.13208341599,0.0,0.0,0,0,0,False,(),,
2021/07/20/11:06:18.929184,9215,1626771980,476062059,,22.3824996948,0.3186455369,0.0,7.13208341599,0.0,0.0,0,0,0,False,(),,
2021/07/20/11:06:18.929203,9216,1626771980,515552997,,22.3824996948,0.3186455369,0.0,7.13208341599,0.0,0.0,0,0,0,False,(),,
2021/07/20/11:06:18.929216,9217,1626771980,555689096,,22.3824996948,0.312012463808,0.0,6.98361873627,0.0,0.0,0,0,0,False,(),,
2021/07/20/11:06:18.929226,9218,1626771980,595405101,,22.3824996948,0.305379420519,0.0,6.83515453339,0.0,0.0,0,0,0,False,(),,
2021/07/20/11:06:18.963103,9219,1626771980,635540008,,22.3824996948,0.312012463808,0.0,6.98361873627,0.0,0.0,0,0,0,False,(),,
2021/07/20/11:06:19.003325,9220,1626771980,675728082,,22.3824996948,0.312012463808,0.0,6.98361873627,0.0,0.0,0,0,0,False,(),,
2021/07/20/11:06:19.044261,9221,1626771980,715718030,,22.3824996948,0.3186455369,0.0,7.13208341599,0.0,0.0,0,0,0,False,(),,
2021/07/20/11:06:19.083443,9222,1626771980,755861043,,22.3824996948,0.3186455369,0.0,7.13208341599,0.0,0.0,0,0,0,False,(),,
2021/07/20/11:06:19.123818,9223,1626771980,796180963,,22.3824996948,0.3186455369,0.0,7.13208341599,0.0,0.0,0,0,0,False,(),,
2021/07/20/11:06:19.162819,9224,1626771980,835903882,,22.3824996948,0.3186455369,0.0,7.13208341599,0.0,0.0,0,0,0,False,(),,
2021/07/20/11:06:19.208601,9225,1626771980,875458955,,22.3824996948,0.312012463808,0.0,6.98361873627,0.0,0.0,0,0,0,False,(),,
2021/07/20/11:06:19.241821,9226,1626771980,915270090,,22.3824996948,0.312012463808,0.0,6.98361873627,0.0,0.0,0,0,0,False,(),,
2021/07/20/11:06:19.283512,9227,1626771980,955625057,,22.3824996948,0.312012463808,0.0,6.98361873627,0.0,0.0,0,0,0,False,(),,
2021/07/20/11:06:19.322519,9228,1626771980,995759010,,22.3824996948,0.312012463808,0.0,6.98361873627,0.0,0.0,0,0,0,False,(),,
2021/07/20/11:06:19.363545,9229,1626771981,35947084,,22.3824996948,0.325278580189,0.0,7.28054761887,0.0,0.0,0,0,0,False,(),,
2021/07/20/11:06:19.403472,9230,1626771981,76164007,,22.3824996948,0.3186455369,0.0,7.13208341599,0.0,0.0,0,0,0,False,(),,
2021/07/20/11:06:19.441965,9231,1626771981,115444898,,22.3824996948,0.312012463808,0.0,6.98361873627,0.0,0.0,0,0,0,False,(),,
2021/07/20/11:06:19.482481,9232,1626771981,155653953,,22.3824996948,0.3186455369,0.0,7.13208341599,0.0,0.0,0,0,0,False,(),,
2021/07/20/11:06:19.523118,9233,1626771981,195668935,,22.3824996948,0.325278580189,0.0,7.28054761887,0.0,0.0,0,0,0,False,(),,
2021/07/20/11:06:19.566223,9234,1626771981,235997915,,22.3824996948,0.312012463808,0.0,6.98361873627,0.0,0.0,0,0,0,False,(),,
2021/07/20/11:06:19.602032,9235,1626771981,275475025,,22.3824996948,0.312012463808,0.0,6.98361873627,0.0,0.0,0,0,0,False,(),,
2021/07/20/11:06:19.646134,9236,1626771981,315402984,,22.3824996948,0.3186455369,0.0,7.13208341599,0.0,0.0,0,0,0,False,(),,
2021/07/20/11:06:19.682212,9237,1626771981,355760097,,22.3824996948,0.325278580189,0.0,7.28054761887,0.0,0.0,0,0,0,False,(),,
2021/07/20/11:06:19.722514,9238,1626771981,395936012,,22.3824996948,0.312012463808,0.0,6.98361873627,0.0,0.0,0,0,0,False,(),,
2021/07/20/11:06:19.925610,9239,1626771981,435559988,,22.3824996948,0.3186455369,0.0,7.13208341599,0.0,0.0,0,0,0,False,(),,
2021/07/20/11:06:19.925627,9240,1626771981,475718975,,22.3824996948,0.312012463808,0.0,6.98361873627,0.0,0.0,0,0,0,False,(),,
2021/07/20/11:06:19.925636,9241,1626771981,515882968,,22.3824996948,0.3186455369,0.0,7.13208341599,0.0,0.0,0,0,0,False,(),,
2021/07/20/11:06:19.925643,9242,1626771981,555768966,,22.3824996948,0.312012463808,0.0,6.98361873627,0.0,0.0,0,0,0,False,(),,
2021/07/20/11:06:19.925649,9243,1626771981,595752000,,22.3824996948,0.305379420519,0.0,6.83515453339,0.0,0.0,0,0,0,False,(),,
2021/07/20/11:06:19.962123,9244,1626771981,635691881,,22.3824996948,0.325278580189,0.0,7.28054761887,0.0,0.0,0,0,0,False,(),,
2021/07/20/11:06:20.002517,9245,1626771981,675573110,,22.3824996948,0.3186455369,0.0,7.13208341599,0.0,0.0,0,0,0,False,(),,
2021/07/20/11:06:20.042812,9246,1626771981,715708017,,22.3824996948,0.3186455369,0.0,7.13208341599,0.0,0.0,0,0,0,False,(),,
2021/07/20/11:06:20.083471,9247,1626771981,755855083,,22.3824996948,0.325278580189,0.0,7.28054761887,0.0,0.0,0,0,0,False,(),,
2021/07/20/11:06:20.123316,9248,1626771981,795876979,,22.3824996948,0.3186455369,0.0,7.13208341599,0.0,0.0,0,0,0,False,(),,
2021/07/20/11:06:20.162286,9249,1626771981,835740089,,22.3824996948,0.3186455369,0.0,7.13208341599,0.0,0.0,0,0,0,False,(),,
2021/07/20/11:06:20.202069,9250,1626771981,875638961,,22.3824996948,0.3186455369,0.0,7.13208341599,0.0,0.0,0,0,0,False,(),,
2021/07/20/11:06:20.242444,9251,1626771981,915744066,,22.3824996948,0.325278580189,0.0,7.28054761887,0.0,0.0,0,0,0,False,(),,
2021/07/20/11:06:20.282770,9252,1626771981,955872058,,22.3824996948,0.325278580189,0.0,7.28054761887,0.0,0.0,0,0,0,False,(),,
2021/07/20/11:06:20.323757,9253,1626771981,996078014,,22.3824996948,0.391609191895,0.0,8.76519203186,0.0,0.0,0,0,0,False,(),,
2021/07/20/11:06:20.362797,9254,1626771982,35921096,,22.3824996948,0.457939773798,0.0,10.2498369217,0.0,0.0,0,0,0,False,(),,
2021/07/20/11:06:20.407413,9255,1626771982,75846910,,22.3824996948,0.471205890179,0.0,10.5467653275,0.0,0.0,0,0,0,False,(),,
2021/07/20/11:06:20.442620,9256,1626771982,115753889,,22.3824996948,0.457939773798,0.0,10.2498369217,0.0,0.0,0,0,0,False,(),,
2021/07/20/11:06:20.485983,9257,1626771982,156075000,,22.3824996948,0.484472006559,0.0,10.8436946869,0.0,0.0,0,0,0,False,(),,
2021/07/20/11:06:20.522865,9258,1626771982,195858001,,22.3824996948,0.491105079651,0.0,10.9921588898,0.0,0.0,0,0,0,False,(),,
2021/07/20/11:06:20.563311,9259,1626771982,235940933,,22.3824996948,0.49773812294,0.0,11.1406230927,0.0,0.0,0,0,0,False,(),,
2021/07/20/11:06:20.603519,9260,1626771982,276369094,,22.3824996948,0.491105079651,0.0,10.9921588898,0.0,0.0,0,0,0,False,(),,
2021/07/20/11:06:20.642356,9261,1626771982,315824031,,22.3824996948,0.47783896327,0.0,10.695230484,0.0,0.0,0,0,0,False,(),,
2021/07/20/11:06:20.682847,9262,1626771982,355711936,,22.3608398438,0.49773812294,0.0,11.1298427582,0.0,0.0,0,0,0,False,(),,
2021/07/20/11:06:20.722917,9263,1626771982,395786046,,22.3824996948,0.49773812294,0.0,11.1406230927,0.0,0.0,0,0,0,False,(),,
2021/07/20/11:06:20.929622,9264,1626771982,435726881,,22.3824996948,0.491105079651,0.0,10.9921588898,0.0,0.0,0,0,0,False,(),,
2021/07/20/11:06:20.929649,9265,1626771982,475706100,,22.3824996948,0.484472006559,0.0,10.8436946869,0.0,0.0,0,0,0,False,(),,
2021/07/20/11:06:20.929659,9266,1626771982,515377998,,22.3824996948,0.484472006559,0.0,10.8436946869,0.0,0.0,0,0,0,False,(),,
2021/07/20/11:06:20.929678,9267,1626771982,555275917,,22.3824996948,0.484472006559,0.0,10.8436946869,0.0,0.0,0,0,0,False,(),,
2021/07/20/11:06:20.929689,9268,1626771982,595566987,,22.3824996948,0.49773812294,0.0,11.1406230927,0.0,0.0,0,0,0,False,(),,
2021/07/20/11:06:20.963389,9269,1626771982,635705947,,22.3824996948,0.491105079651,0.0,10.9921588898,0.0,0.0,0,0,0,False,(),,
2021/07/20/11:06:21.003514,9270,1626771982,675918102,,22.3824996948,0.491105079651,0.0,10.9921588898,0.0,0.0,0,0,0,False,(),,
2021/07/20/11:06:21.042887,9271,1626771982,716020107,,22.3824996948,0.491105079651,0.0,10.9921588898,0.0,0.0,0,0,0,False,(),,
2021/07/20/11:06:21.083181,9272,1626771982,756023883,,22.3824996948,0.484472006559,0.0,10.8436946869,0.0,0.0,0,0,0,False,(),,
2021/07/20/11:06:21.122835,9273,1626771982,795671939,,22.3824996948,0.484472006559,0.0,10.8436946869,0.0,0.0,0,0,0,False,(),,
2021/07/20/11:06:21.163889,9274,1626771982,835753917,,22.3824996948,0.491105079651,0.0,10.9921588898,0.0,0.0,0,0,0,False,(),,
2021/07/20/11:06:21.203073,9275,1626771982,875868082,,22.3824996948,0.484472006559,0.0,10.8436946869,0.0,0.0,0,0,0,False,(),,
2021/07/20/11:06:21.243039,9276,1626771982,916014909,,22.3824996948,0.47783896327,0.0,10.695230484,0.0,0.0,0,0,0,False,(),,
2021/07/20/11:06:21.282418,9277,1626771982,955734014,,22.3608398438,0.491105079651,0.0,10.9815216064,0.0,0.0,0,0,0,False,(),,
2021/07/20/11:06:21.325243,9278,1626771982,995956897,,22.3824996948,0.491105079651,0.0,10.9921588898,0.0,0.0,0,0,0,False,(),,
2021/07/20/11:06:21.363449,9279,1626771983,35701990,,22.3824996948,0.484472006559,0.0,10.8436946869,0.0,0.0,0,0,0,False,(),,
2021/07/20/11:06:21.406095,9280,1626771983,75984001,,22.3824996948,0.484472006559,0.0,10.8436946869,0.0,0.0,0,0,0,False,(),,
2021/07/20/11:06:21.442856,9281,1626771983,115746021,,22.3824996948,0.491105079651,0.0,10.9921588898,0.0,0.0,0,0,0,False,(),,
2021/07/20/11:06:21.481880,9282,1626771983,155430078,,22.3824996948,0.491105079651,0.0,10.9921588898,0.0,0.0,0,0,0,False,(),,
2021/07/20/11:06:21.522704,9283,1626771983,195414066,,22.3824996948,0.484472006559,0.0,10.8436946869,0.0,0.0,0,0,0,False,(),,
2021/07/20/11:06:21.564009,9284,1626771983,235563993,,22.3824996948,0.484472006559,0.0,10.8436946869,0.0,0.0,0,0,0,False,(),,
2021/07/20/11:06:21.602830,9285,1626771983,275908946,,22.3824996948,0.49773812294,0.0,11.1406230927,0.0,0.0,0,0,0,False,(),,
2021/07/20/11:06:21.643558,9286,1626771983,316112041,,22.3824996948,0.484472006559,0.0,10.8436946869,0.0,0.0,0,0,0,False,(),,
2021/07/20/11:06:21.682705,9287,1626771983,356009960,,22.3824996948,0.491105079651,0.0,10.9921588898,0.0,0.0,0,0,0,False,(),,
2021/07/20/11:06:21.727806,9288,1626771983,395868062,,22.3824996948,0.49773812294,0.0,11.1406230927,0.0,0.0,0,0,0,False,(),,
2021/07/20/11:06:21.931074,9289,1626771983,435862064,,22.3824996948,0.491105079651,0.0,10.9921588898,0.0,0.0,0,0,0,False,(),,
2021/07/20/11:06:21.931096,9290,1626771983,475790977,,22.3824996948,0.47783896327,0.0,10.695230484,0.0,0.0,0,0,0,False,(),,
2021/07/20/11:06:21.931104,9291,1626771983,515948057,,22.3824996948,0.484472006559,0.0,10.8436946869,0.0,0.0,0,0,0,False,(),,
2021/07/20/11:06:21.931125,9292,1626771983,555753946,,22.3824996948,0.491105079651,0.0,10.9921588898,0.0,0.0,0,0,0,False,(),,
2021/07/20/11:06:21.931134,9293,1626771983,595731973,,22.3824996948,0.49773812294,0.0,11.1406230927,0.0,0.0,0,0,0,False,(),,
2021/07/20/11:06:21.965011,9294,1626771983,635817050,,22.3824996948,0.484472006559,0.0,10.8436946869,0.0,0.0,0,0,0,False,(),,
2021/07/20/11:06:22.003391,9295,1626771983,675812005,,22.3824996948,0.49773812294,0.0,11.1406230927,0.0,0.0,0,0,0,False,(),,
2021/07/20/11:06:22.042835,9296,1626771983,715663909,,22.3824996948,0.491105079651,0.0,10.9921588898,0.0,0.0,0,0,0,False,(),,
2021/07/20/11:06:22.083534,9297,1626771983,756220102,,22.3824996948,0.491105079651,0.0,10.9921588898,0.0,0.0,0,0,0,False,(),,
2021/07/20/11:06:22.124914,9298,1626771983,795747041,,22.3824996948,0.491105079651,0.0,10.9921588898,0.0,0.0,0,0,0,False,(),,
2021/07/20/11:06:22.162192,9299,1626771983,835655927,,22.3824996948,0.491105079651,0.0,10.9921588898,0.0,0.0,0,0,0,False,(),,
2021/07/20/11:06:22.202229,9300,1626771983,875660896,,22.3824996948,0.491105079651,0.0,10.9921588898,0.0,0.0,0,0,0,False,(),,
2021/07/20/11:06:22.242984,9301,1626771983,915354967,,22.3824996948,0.491105079651,0.0,10.9921588898,0.0,0.0,0,0,0,False,(),,
2021/07/20/11:06:22.282716,9302,1626771983,955543994,,22.3824996948,0.484472006559,0.0,10.8436946869,0.0,0.0,0,0,0,False,(),,
2021/07/20/11:06:22.323470,9303,1626771983,995721101,,22.3824996948,0.491105079651,0.0,10.9921588898,0.0,0.0,0,0,0,False,(),,
2021/07/20/11:06:22.363561,9304,1626771984,35929918,,22.3824996948,0.491105079651,0.0,10.9921588898,0.0,0.0,0,0,0,False,(),,
2021/07/20/11:06:22.411580,9305,1626771984,75788974,,22.3824996948,0.504371166229,0.0,11.2890882492,0.0,0.0,0,0,0,False,(),,
2021/07/20/11:06:22.443512,9306,1626771984,115765094,,22.3824996948,0.484472006559,0.0,10.8436946869,0.0,0.0,0,0,0,False,(),,
2021/07/20/11:06:22.482248,9307,1626771984,155550956,,22.3824996948,0.491105079651,0.0,10.9921588898,0.0,0.0,0,0,0,False,(),,
2021/07/20/11:06:22.524216,9308,1626771984,195655107,,22.3824996948,0.49773812294,0.0,11.1406230927,0.0,0.0,0,0,0,False,(),,
2021/07/20/11:06:22.600666,9309,1626771984,235629081,,22.3608398438,0.49773812294,0.0,11.1298427582,0.0,0.0,0,0,0,False,(),,
2021/07/20/11:06:22.602945,9310,1626771984,276048898,,22.3824996948,0.491105079651,0.0,10.9921588898,0.0,0.0,0,0,0,False,(),,
2021/07/20/11:06:22.642705,9311,1626771984,315979957,,22.3824996948,0.491105079651,0.0,10.9921588898,0.0,0.0,0,0,0,False,(),,
2021/07/20/11:06:22.682501,9312,1626771984,355787038,,22.3824996948,0.491105079651,0.0,10.9921588898,0.0,0.0,0,0,0,False,(),,
2021/07/20/11:06:22.722603,9313,1626771984,395778894,,22.3824996948,0.484472006559,0.0,10.8436946869,0.0,0.0,0,0,0,False,(),,
2021/07/20/11:06:22.939521,9314,1626771984,435621023,,22.3824996948,0.491105079651,0.0,10.9921588898,0.0,0.0,0,0,0,False,(),,
2021/07/20/11:06:22.939537,9315,1626771984,475727081,,22.3824996948,0.491105079651,0.0,10.9921588898,0.0,0.0,0,0,0,False,(),,
2021/07/20/11:06:22.939548,9316,1626771984,515737056,,22.3824996948,0.484472006559,0.0,10.8436946869,0.0,0.0,0,0,0,False,(),,
2021/07/20/11:06:22.939556,9317,1626771984,555852890,,22.3824996948,0.484472006559,0.0,10.8436946869,0.0,0.0,0,0,0,False,(),,
2021/07/20/11:06:22.939597,9318,1626771984,595674991,,22.3824996948,0.484472006559,0.0,10.8436946869,0.0,0.0,0,0,0,False,(),,
2021/07/20/11:06:22.971089,9319,1626771984,635698080,,22.3824996948,0.491105079651,0.0,10.9921588898,0.0,0.0,0,0,0,False,(),,
2021/07/20/11:06:23.003731,9320,1626771984,675710916,,22.3824996948,0.491105079651,0.0,10.9921588898,0.0,0.0,0,0,0,False,(),,
2021/07/20/11:06:23.046257,9321,1626771984,715754985,,22.3824996948,0.484472006559,0.0,10.8436946869,0.0,0.0,0,0,0,False,(),,
2021/07/20/11:06:23.082423,9322,1626771984,755878925,,22.3824996948,0.491105079651,0.0,10.9921588898,0.0,0.0,0,0,0,False,(),,
2021/07/20/11:06:23.122450,9323,1626771984,795717000,,22.3824996948,0.484472006559,0.0,10.8436946869,0.0,0.0,0,0,0,False,(),,
2021/07/20/11:06:23.162694,9324,1626771984,835903882,,22.3824996948,0.484472006559,0.0,10.8436946869,0.0,0.0,0,0,0,False,(),,
2021/07/20/11:06:23.203197,9325,1626771984,875735998,,22.3824996948,0.49773812294,0.0,11.1406230927,0.0,0.0,0,0,0,False,(),,
2021/07/20/11:06:23.242702,9326,1626771984,915883064,,22.3824996948,0.49773812294,0.0,11.1406230927,0.0,0.0,0,0,0,False,(),,
2021/07/20/11:06:23.282864,9327,1626771984,955406904,,22.3824996948,0.491105079651,0.0,10.9921588898,0.0,0.0,0,0,0,False,(),,
2021/07/20/11:06:23.322812,9328,1626771984,995559930,,22.3824996948,0.47783896327,0.0,10.695230484,0.0,0.0,0,0,0,False,(),,
2021/07/20/11:06:23.364851,9329,1626771985,36113977,,22.3824996948,0.491105079651,0.0,10.9921588898,0.0,0.0,0,0,0,False,(),,
2021/07/20/11:06:23.402206,9330,1626771985,75660943,,22.3824996948,0.484472006559,0.0,10.8436946869,0.0,0.0,0,0,0,False,(),,
2021/07/20/11:06:23.442801,9331,1626771985,115726947,,22.3824996948,0.49773812294,0.0,11.1406230927,0.0,0.0,0,0,0,False,(),,
2021/07/20/11:06:23.483083,9332,1626771985,155936002,,22.3824996948,0.491105079651,0.0,10.9921588898,0.0,0.0,0,0,0,False,(),,
2021/07/20/11:06:23.522528,9333,1626771985,195940017,,22.3824996948,0.491105079651,0.0,10.9921588898,0.0,0.0,0,0,0,False,(),,
2021/07/20/11:06:23.565833,9334,1626771985,236068010,,22.3824996948,0.491105079651,0.0,10.9921588898,0.0,0.0,0,0,0,False,(),,
2021/07/20/11:06:23.602995,9335,1626771985,275844097,,22.3824996948,0.484472006559,0.0,10.8436946869,0.0,0.0,0,0,0,False,(),,
2021/07/20/11:06:23.641736,9336,1626771985,315521001,,22.3824996948,0.47783896327,0.0,10.695230484,0.0,0.0,0,0,0,False,(),,
2021/07/20/11:06:23.682889,9337,1626771985,355784893,,22.3824996948,0.484472006559,0.0,10.8436946869,0.0,0.0,0,0,0,False,(),,
2021/07/20/11:06:23.722496,9338,1626771985,395647048,,22.3824996948,0.491105079651,0.0,10.9921588898,0.0,0.0,0,0,0,False,(),,
2021/07/20/11:06:23.922320,9339,1626771985,435580968,,22.3824996948,0.484472006559,0.0,10.8436946869,0.0,0.0,0,0,0,False,(),,
2021/07/20/11:06:23.922339,9340,1626771985,476033926,,22.3824996948,0.47783896327,0.0,10.695230484,0.0,0.0,0,0,0,False,(),,
2021/07/20/11:06:23.922345,9341,1626771985,516000032,,22.3824996948,0.491105079651,0.0,10.9921588898,0.0,0.0,0,0,0,False,(),,
2021/07/20/11:06:23.922364,9342,1626771985,555754899,,22.3824996948,0.47783896327,0.0,10.695230484,0.0,0.0,0,0,0,False,(),,
2021/07/20/11:06:23.924777,9343,1626771985,596026897,,22.3608398438,0.484472006559,0.0,10.8332014084,0.0,0.0,0,0,0,False,(),,
2021/07/20/11:06:23.962720,9344,1626771985,635606050,,22.3824996948,0.49773812294,0.0,11.1406230927,0.0,0.0,0,0,0,False,(),,
2021/07/20/11:06:24.003329,9345,1626771985,675766944,,22.3608398438,0.491105079651,0.0,10.9815216064,0.0,0.0,0,0,0,False,(),,
2021/07/20/11:06:24.044737,9346,1626771985,715814113,,22.3824996948,0.484472006559,0.0,10.8436946869,0.0,0.0,0,0,0,False,(),,
2021/07/20/11:06:24.082938,9347,1626771985,755597114,,22.3824996948,0.49773812294,0.0,11.1406230927,0.0,0.0,0,0,0,False,(),,
2021/07/20/11:06:24.123228,9348,1626771985,795977115,,22.3824996948,0.49773812294,0.0,11.1406230927,0.0,0.0,0,0,0,False,(),,
2021/07/20/11:06:24.163264,9349,1626771985,835961103,,22.3824996948,0.49773812294,0.0,11.1406230927,0.0,0.0,0,0,0,False,(),,
2021/07/20/11:06:24.202379,9350,1626771985,875844955,,22.3824996948,0.484472006559,0.0,10.8436946869,0.0,0.0,0,0,0,False,(),,
2021/07/20/11:06:24.242068,9351,1626771985,915297031,,22.3824996948,0.517637312412,0.0,11.586016655,0.0,0.0,0,0,0,False,(),,
2021/07/20/11:06:24.282712,9352,1626771985,955992937,,22.3824996948,0.49773812294,0.0,11.1406230927,0.0,0.0,0,0,0,False,(),,
2021/07/20/11:06:24.322925,9353,1626771985,995759010,,22.3824996948,0.491105079651,0.0,10.9921588898,0.0,0.0,0,0,0,False,(),,
2021/07/20/11:06:24.362523,9354,1626771986,35898923,,22.3824996948,0.484472006559,0.0,10.8436946869,0.0,0.0,0,0,0,False,(),,
2021/07/20/11:06:24.403920,9355,1626771986,76107025,,22.3824996948,0.491105079651,0.0,10.9921588898,0.0,0.0,0,0,0,False,(),,
2021/07/20/11:06:24.442153,9356,1626771986,115636110,,22.3824996948,0.491105079651,0.0,10.9921588898,0.0,0.0,0,0,0,False,(),,
2021/07/20/11:06:24.482748,9357,1626771986,155774116,,22.3824996948,0.484472006559,0.0,10.8436946869,0.0,0.0,0,0,0,False,(),,
2021/07/20/11:06:24.522421,9358,1626771986,195720911,,22.3824996948,0.484472006559,0.0,10.8436946869,0.0,0.0,0,0,0,False,(),,
2021/07/20/11:06:24.562975,9359,1626771986,235610008,,22.3824996948,0.491105079651,0.0,10.9921588898,0.0,0.0,0,0,0,False,(),,
2021/07/20/11:06:24.605808,9360,1626771986,275856971,,22.3824996948,0.491105079651,0.0,10.9921588898,0.0,0.0,0,0,0,False,(),,
2021/07/20/11:06:24.642271,9361,1626771986,315767049,,22.3824996948,0.484472006559,0.0,10.8436946869,0.0,0.0,0,0,0,False,(),,
2021/07/20/11:06:24.692290,9362,1626771986,355928897,,22.3824996948,0.491105079651,0.0,10.9921588898,0.0,0.0,0,0,0,False,(),,
2021/07/20/11:06:24.889702,9363,1626771986,395584106,,22.3608398438,0.49773812294,0.0,11.1298427582,0.0,0.0,0,0,0,False,(),,
2021/07/20/11:06:24.889717,9364,1626771986,435575962,,22.3824996948,0.491105079651,0.0,10.9921588898,0.0,0.0,0,0,0,False,(),,
2021/07/20/11:06:24.889794,9365,1626771986,475758075,,22.3824996948,0.47783896327,0.0,10.695230484,0.0,0.0,0,0,0,False,(),,
2021/07/20/11:06:24.889806,9366,1626771986,515778064,,22.3824996948,0.484472006559,0.0,10.8436946869,0.0,0.0,0,0,0,False,(),,
2021/07/20/11:06:24.889861,9367,1626771986,555433988,,22.3824996948,0.491105079651,0.0,10.9921588898,0.0,0.0,0,0,0,False,(),,
2021/07/20/11:06:24.927014,9368,1626771986,595902919,,22.3824996948,0.484472006559,0.0,10.8436946869,0.0,0.0,0,0,0,False,(),,
2021/07/20/11:06:24.963748,9369,1626771986,635550022,,22.3824996948,0.49773812294,0.0,11.1406230927,0.0,0.0,0,0,0,False,(),,
2021/07/20/11:06:25.003226,9370,1626771986,675748109,,22.3824996948,0.484472006559,0.0,10.8436946869,0.0,0.0,0,0,0,False,(),,
2021/07/20/11:06:25.042599,9371,1626771986,715868949,,22.3608398438,0.491105079651,0.0,10.9815216064,0.0,0.0,0,0,0,False,(),,
2021/07/20/11:06:25.083891,9372,1626771986,756159067,,22.3824996948,0.484472006559,0.0,10.8436946869,0.0,0.0,0,0,0,False,(),,
2021/07/20/11:06:25.122156,9373,1626771986,795630931,,22.3824996948,0.484472006559,0.0,10.8436946869,0.0,0.0,0,0,0,False,(),,
2021/07/20/11:06:25.162717,9374,1626771986,835702896,,22.3824996948,0.47783896327,0.0,10.695230484,0.0,0.0,0,0,0,False,(),,
2021/07/20/11:06:25.202441,9375,1626771986,875636100,,22.3824996948,0.491105079651,0.0,10.9921588898,0.0,0.0,0,0,0,False,(),,
2021/07/20/11:06:25.242631,9376,1626771986,915672063,,22.3608398438,0.484472006559,0.0,10.8332014084,0.0,0.0,0,0,0,False,(),,
2021/07/20/11:06:25.282668,9377,1626771986,955724000,,22.3824996948,0.491105079651,0.0,10.9921588898,0.0,0.0,0,0,0,False,(),,
2021/07/20/11:06:25.323293,9378,1626771986,996109008,,22.3824996948,0.491105079651,0.0,10.9921588898,0.0,0.0,0,0,0,False,(),,
2021/07/20/11:06:25.362581,9379,1626771987,35902023,,22.3824996948,0.491105079651,0.0,10.9921588898,0.0,0.0,0,0,0,False,(),,
2021/07/20/11:06:25.405132,9380,1626771987,76277971,,22.3824996948,0.47783896327,0.0,10.695230484,0.0,0.0,0,0,0,False,(),,
2021/07/20/11:06:25.442208,9381,1626771987,115940093,,22.3824996948,0.491105079651,0.0,10.9921588898,0.0,0.0,0,0,0,False,(),,
2021/07/20/11:06:25.483206,9382,1626771987,155711889,,22.3824996948,0.47783896327,0.0,10.695230484,0.0,0.0,0,0,0,False,(),,
2021/07/20/11:06:25.524276,9383,1626771987,195796012,,22.3824996948,0.484472006559,0.0,10.8436946869,0.0,0.0,0,0,0,False,(),,
2021/07/20/11:06:25.563357,9384,1626771987,235687971,,22.3824996948,0.491105079651,0.0,10.9921588898,0.0,0.0,0,0,0,False,(),,
2021/07/20/11:06:25.605709,9385,1626771987,276041030,,22.3824996948,0.484472006559,0.0,10.8436946869,0.0,0.0,0,0,0,False,(),,
2021/07/20/11:06:25.647202,9386,1626771987,315778017,,22.3824996948,0.491105079651,0.0,10.9921588898,0.0,0.0,0,0,0,False,(),,
2021/07/20/11:06:25.687249,9387,1626771987,355695962,,22.3824996948,0.484472006559,0.0,10.8436946869,0.0,0.0,0,0,0,False,(),,
2021/07/20/11:06:25.722986,9388,1626771987,395740032,,22.3824996948,0.491105079651,0.0,10.9921588898,0.0,0.0,0,0,0,False,(),,
2021/07/20/11:06:25.933817,9389,1626771987,435683012,,22.3824996948,0.491105079651,0.0,10.9921588898,0.0,0.0,0,0,0,False,(),,
2021/07/20/11:06:25.933858,9390,1626771987,475948095,,22.3824996948,0.491105079651,0.0,10.9921588898,0.0,0.0,0,0,0,False,(),,
2021/07/20/11:06:25.933870,9391,1626771987,515408992,,22.3824996948,0.484472006559,0.0,10.8436946869,0.0,0.0,0,0,0,False,(),,
2021/07/20/11:06:25.933877,9392,1626771987,555349111,,22.3824996948,0.484472006559,0.0,10.8436946869,0.0,0.0,0,0,0,False,(),,
2021/07/20/11:06:25.933886,9393,1626771987,595721006,,22.3824996948,0.484472006559,0.0,10.8436946869,0.0,0.0,0,0,0,False,(),,
2021/07/20/11:06:25.968590,9394,1626771987,635560035,,22.3824996948,0.484472006559,0.0,10.8436946869,0.0,0.0,0,0,0,False,(),,
2021/07/20/11:06:26.003131,9395,1626771987,675992965,,22.3824996948,0.491105079651,0.0,10.9921588898,0.0,0.0,0,0,0,False,(),,
2021/07/20/11:06:26.044450,9396,1626771987,715761899,,22.3824996948,0.491105079651,0.0,10.9921588898,0.0,0.0,0,0,0,False,(),,
2021/07/20/11:06:26.083754,9397,1626771987,756171941,,22.3824996948,0.491105079651,0.0,10.9921588898,0.0,0.0,0,0,0,False,(),,
2021/07/20/11:06:26.122103,9398,1626771987,795574903,,22.3824996948,0.47783896327,0.0,10.695230484,0.0,0.0,0,0,0,False,(),,
2021/07/20/11:06:26.162321,9399,1626771987,835683107,,22.3824996948,0.484472006559,0.0,10.8436946869,0.0,0.0,0,0,0,False,(),,
2021/07/20/11:06:26.203494,9400,1626771987,876008033,,22.3824996948,0.491105079651,0.0,10.9921588898,0.0,0.0,0,0,0,False,(),,
2021/07/20/11:06:26.241478,9401,1626771987,915285110,,22.3824996948,0.491105079651,0.0,10.9921588898,0.0,0.0,0,0,0,False,(),,
2021/07/20/11:06:26.282915,9402,1626771987,956005096,,22.3824996948,0.484472006559,0.0,10.8436946869,0.0,0.0,0,0,0,False,(),,
2021/07/20/11:06:26.323091,9403,1626771987,995852947,,22.3824996948,0.484472006559,0.0,10.8436946869,0.0,0.0,0,0,0,False,(),,
2021/07/20/11:06:26.361806,9404,1626771988,35443067,,22.3824996948,0.484472006559,0.0,10.8436946869,0.0,0.0,0,0,0,False,(),,
2021/07/20/11:06:26.402903,9405,1626771988,75722932,,22.3824996948,0.47783896327,0.0,10.695230484,0.0,0.0,0,0,0,False,(),,
2021/07/20/11:06:26.443699,9406,1626771988,116010904,,22.3824996948,0.484472006559,0.0,10.8436946869,0.0,0.0,0,0,0,False,(),,
2021/07/20/11:06:26.483148,9407,1626771988,155936956,,22.3824996948,0.491105079651,0.0,10.9921588898,0.0,0.0,0,0,0,False,(),,
2021/07/20/11:06:26.523370,9408,1626771988,195648908,,22.3824996948,0.49773812294,0.0,11.1406230927,0.0,0.0,0,0,0,False,(),,
2021/07/20/11:06:26.564412,9409,1626771988,235908985,,22.3824996948,0.484472006559,0.0,10.8436946869,0.0,0.0,0,0,0,False,(),,
2021/07/20/11:06:26.603138,9410,1626771988,275911092,,22.3824996948,0.491105079651,0.0,10.9921588898,0.0,0.0,0,0,0,False,(),,
2021/07/20/11:06:26.643709,9411,1626771988,315829992,,22.3824996948,0.484472006559,0.0,10.8436946869,0.0,0.0,0,0,0,False,(),,
2021/07/20/11:06:26.682533,9412,1626771988,355453014,,22.3824996948,0.484472006559,0.0,10.8436946869,0.0,0.0,0,0,0,False,(),,
2021/07/20/11:06:26.722064,9413,1626771988,395507097,,22.3824996948,0.47783896327,0.0,10.695230484,0.0,0.0,0,0,0,False,(),,
2021/07/20/11:06:26.933518,9414,1626771988,435672044,,22.3824996948,0.484472006559,0.0,10.8436946869,0.0,0.0,0,0,0,False,(),,
2021/07/20/11:06:26.933544,9415,1626771988,475734949,,22.3824996948,0.47783896327,0.0,10.695230484,0.0,0.0,0,0,0,False,(),,
2021/07/20/11:06:26.933565,9416,1626771988,515722036,,22.3824996948,0.491105079651,0.0,10.9921588898,0.0,0.0,0,0,0,False,(),,
2021/07/20/11:06:26.933574,9417,1626771988,555774927,,22.3824996948,0.484472006559,0.0,10.8436946869,0.0,0.0,0,0,0,False,(),,
2021/07/20/11:06:26.933590,9418,1626771988,595851898,,22.3824996948,0.484472006559,0.0,10.8436946869,0.0,0.0,0,0,0,False,(),,
2021/07/20/11:06:26.963728,9419,1626771988,635653018,,22.3824996948,0.484472006559,0.0,10.8436946869,0.0,0.0,0,0,0,False,(),,
2021/07/20/11:06:27.002106,9420,1626771988,675568103,,22.3824996948,0.484472006559,0.0,10.8436946869,0.0,0.0,0,0,0,False,(),,
2021/07/20/11:06:27.042690,9421,1626771988,715715885,,22.3824996948,0.484472006559,0.0,10.8436946869,0.0,0.0,0,0,0,False,(),,
2021/07/20/11:06:27.082633,9422,1626771988,755882024,,22.3824996948,0.484472006559,0.0,10.8436946869,0.0,0.0,0,0,0,False,(),,
2021/07/20/11:06:27.122587,9423,1626771988,795895099,,22.3824996948,0.484472006559,0.0,10.8436946869,0.0,0.0,0,0,0,False,(),,
2021/07/20/11:06:27.164532,9424,1626771988,835766077,,22.3608398438,0.484472006559,0.0,10.8332014084,0.0,0.0,0,0,0,False,(),,
2021/07/20/11:06:27.201998,9425,1626771988,875431060,,22.3824996948,0.47783896327,0.0,10.695230484,0.0,0.0,0,0,0,False,(),,
2021/07/20/11:06:27.244551,9426,1626771988,915391921,,22.3824996948,0.491105079651,0.0,10.9921588898,0.0,0.0,0,0,0,False,(),,
2021/07/20/11:06:27.282643,9427,1626771988,955521106,,22.3824996948,0.491105079651,0.0,10.9921588898,0.0,0.0,0,0,0,False,(),,
2021/07/20/11:06:27.322487,9428,1626771988,995961904,,22.3824996948,0.491105079651,0.0,10.9921588898,0.0,0.0,0,0,0,False,(),,
2021/07/20/11:06:27.362437,9429,1626771989,35604000,,22.3608398438,0.484472006559,0.0,10.8332014084,0.0,0.0,0,0,0,False,(),,
2021/07/20/11:06:27.402564,9430,1626771989,75743913,,22.3824996948,0.491105079651,0.0,10.9921588898,0.0,0.0,0,0,0,False,(),,
2021/07/20/11:06:27.442785,9431,1626771989,115921974,,22.3824996948,0.491105079651,0.0,10.9921588898,0.0,0.0,0,0,0,False,(),,
2021/07/20/11:06:27.487872,9432,1626771989,155870914,,22.3824996948,0.491105079651,0.0,10.9921588898,0.0,0.0,0,0,0,False,(),,
2021/07/20/11:06:27.524768,9433,1626771989,196120977,,22.3824996948,0.484472006559,0.0,10.8436946869,0.0,0.0,0,0,0,False,(),,
2021/07/20/11:06:27.563349,9434,1626771989,236032962,,22.3824996948,0.484472006559,0.0,10.8436946869,0.0,0.0,0,0,0,False,(),,
2021/07/20/11:06:27.601976,9435,1626771989,275784015,,22.3824996948,0.47783896327,0.0,10.695230484,0.0,0.0,0,0,0,False,(),,
2021/07/20/11:06:27.643605,9436,1626771989,315952062,,22.3824996948,0.47783896327,0.0,10.695230484,0.0,0.0,0,0,0,False,(),,
2021/07/20/11:06:27.683699,9437,1626771989,355578899,,22.3824996948,0.484472006559,0.0,10.8436946869,0.0,0.0,0,0,0,False,(),,
2021/07/20/11:06:27.722933,9438,1626771989,395771980,,22.3824996948,0.491105079651,0.0,10.9921588898,0.0,0.0,0,0,0,False,(),,
2021/07/20/11:06:27.934511,9439,1626771989,435740947,,22.3824996948,0.484472006559,0.0,10.8436946869,0.0,0.0,0,0,0,False,(),,
2021/07/20/11:06:27.934526,9440,1626771989,475414037,,22.3608398438,0.471205890179,0.0,10.5365600586,0.0,0.0,0,0,0,False,(),,
2021/07/20/11:06:27.934540,9441,1626771989,515607118,,22.3824996948,0.491105079651,0.0,10.9921588898,0.0,0.0,0,0,0,False,(),,
2021/07/20/11:06:27.934548,9442,1626771989,555646896,,22.3824996948,0.484472006559,0.0,10.8436946869,0.0,0.0,0,0,0,False,(),,
2021/07/20/11:06:27.934553,9443,1626771989,595835924,,22.3824996948,0.484472006559,0.0,10.8436946869,0.0,0.0,0,0,0,False,(),,
2021/07/20/11:06:27.987624,9444,1626771989,635693073,,22.3824996948,0.47783896327,0.0,10.695230484,0.0,0.0,0,0,0,False,(),,
2021/07/20/11:06:28.003335,9445,1626771989,675698041,,22.3824996948,0.484472006559,0.0,10.8436946869,0.0,0.0,0,0,0,False,(),,
2021/07/20/11:06:28.043664,9446,1626771989,715943098,,22.3824996948,0.49773812294,0.0,11.1406230927,0.0,0.0,0,0,0,False,(),,
2021/07/20/11:06:28.083041,9447,1626771989,755759000,,22.3824996948,0.484472006559,0.0,10.8436946869,0.0,0.0,0,0,0,False,(),,
2021/07/20/11:06:28.125738,9448,1626771989,795636892,,22.3824996948,0.491105079651,0.0,10.9921588898,0.0,0.0,0,0,0,False,(),,
2021/07/20/11:06:28.163530,9449,1626771989,835839986,,22.3824996948,0.49773812294,0.0,11.1406230927,0.0,0.0,0,0,0,False,(),,
2021/07/20/11:06:28.202001,9450,1626771989,875477075,,22.3824996948,0.484472006559,0.0,10.8436946869,0.0,0.0,0,0,0,False,(),,
2021/07/20/11:06:28.241850,9451,1626771989,915359020,,22.3824996948,0.491105079651,0.0,10.9921588898,0.0,0.0,0,0,0,False,(),,
2021/07/20/11:06:28.282017,9452,1626771989,955509901,,22.3608398438,0.491105079651,0.0,10.9815216064,0.0,0.0,0,0,0,False,(),,
2021/07/20/11:06:28.322095,9453,1626771989,995654106,,22.3824996948,0.484472006559,0.0,10.8436946869,0.0,0.0,0,0,0,False,(),,
2021/07/20/11:06:28.362784,9454,1626771990,35753965,,22.3824996948,0.484472006559,0.0,10.8436946869,0.0,0.0,0,0,0,False,(),,
2021/07/20/11:06:28.403344,9455,1626771990,75990915,,22.3824996948,0.49773812294,0.0,11.1406230927,0.0,0.0,0,0,0,False,(),,
2021/07/20/11:06:28.446654,9456,1626771990,115845918,,22.3824996948,0.491105079651,0.0,10.9921588898,0.0,0.0,0,0,0,False,(),,
2021/07/20/11:06:28.483378,9457,1626771990,156024932,,22.3824996948,0.484472006559,0.0,10.8436946869,0.0,0.0,0,0,0,False,(),,
2021/07/20/11:06:28.524371,9458,1626771990,195682048,,22.3824996948,0.484472006559,0.0,10.8436946869,0.0,0.0,0,0,0,False,(),,
2021/07/20/11:06:28.562466,9459,1626771990,235678911,,22.3824996948,0.484472006559,0.0,10.8436946869,0.0,0.0,0,0,0,False,(),,
2021/07/20/11:06:28.604546,9460,1626771990,275691032,,22.3824996948,0.491105079651,0.0,10.9921588898,0.0,0.0,0,0,0,False,(),,
2021/07/20/11:06:28.643137,9461,1626771990,315762042,,22.3824996948,0.491105079651,0.0,10.9921588898,0.0,0.0,0,0,0,False,(),,
2021/07/20/11:06:28.682822,9462,1626771990,355895042,,22.3824996948,0.484472006559,0.0,10.8436946869,0.0,0.0,0,0,0,False,(),,
2021/07/20/11:06:28.721986,9463,1626771990,395596027,,22.3824996948,0.484472006559,0.0,10.8436946869,0.0,0.0,0,0,0,False,(),,
2021/07/20/11:06:28.933768,9464,1626771990,435240983,,22.3824996948,0.484472006559,0.0,10.8436946869,0.0,0.0,0,0,0,False,(),,
2021/07/20/11:06:28.933780,9465,1626771990,475480079,,22.3824996948,0.484472006559,0.0,10.8436946869,0.0,0.0,0,0,0,False,(),,
2021/07/20/11:06:28.933792,9466,1626771990,515537023,,22.3824996948,0.491105079651,0.0,10.9921588898,0.0,0.0,0,0,0,False,(),,
2021/07/20/11:06:28.933820,9467,1626771990,555565118,,22.3824996948,0.49773812294,0.0,11.1406230927,0.0,0.0,0,0,0,False,(),,
2021/07/20/11:06:28.933852,9468,1626771990,595602989,,22.3824996948,0.491105079651,0.0,10.9921588898,0.0,0.0,0,0,0,False,(),,
2021/07/20/11:06:28.962587,9469,1626771990,635854005,,22.3824996948,0.49773812294,0.0,11.1406230927,0.0,0.0,0,0,0,False,(),,
2021/07/20/11:06:29.010425,9470,1626771990,675776004,,22.3824996948,0.484472006559,0.0,10.8436946869,0.0,0.0,0,0,0,False,(),,
2021/07/20/11:06:29.045826,9471,1626771990,715908050,,22.3824996948,0.491105079651,0.0,10.9921588898,0.0,0.0,0,0,0,False,(),,
2021/07/20/11:06:29.083373,9472,1626771990,755970001,,22.3824996948,0.491105079651,0.0,10.9921588898,0.0,0.0,0,0,0,False,(),,
2021/07/20/11:06:29.122436,9473,1626771990,795613050,,22.3824996948,0.484472006559,0.0,10.8436946869,0.0,0.0,0,0,0,False,(),,
2021/07/20/11:06:29.164486,9474,1626771990,835846900,,22.3608398438,0.49773812294,0.0,11.1298427582,0.0,0.0,0,0,0,False,(),,
2021/07/20/11:06:29.202975,9475,1626771990,875632047,,22.3824996948,0.491105079651,0.0,10.9921588898,0.0,0.0,0,0,0,False,(),,
2021/07/20/11:06:29.243177,9476,1626771990,916037082,,22.3824996948,0.491105079651,0.0,10.9921588898,0.0,0.0,0,0,0,False,(),,
2021/07/20/11:06:29.283027,9477,1626771990,956059932,,22.3824996948,0.491105079651,0.0,10.9921588898,0.0,0.0,0,0,0,False,(),,
2021/07/20/11:06:29.323177,9478,1626771990,995948076,,22.3824996948,0.484472006559,0.0,10.8436946869,0.0,0.0,0,0,0,False,(),,
2021/07/20/11:06:29.363890,9479,1626771991,35876035,,22.3824996948,0.49773812294,0.0,11.1406230927,0.0,0.0,0,0,0,False,(),,
2021/07/20/11:06:29.410675,9480,1626771991,76592922,,22.3824996948,0.484472006559,0.0,10.8436946869,0.0,0.0,0,0,0,False,(),,
2021/07/20/11:06:29.443185,9481,1626771991,115777969,,22.3824996948,0.491105079651,0.0,10.9921588898,0.0,0.0,0,0,0,False,(),,
2021/07/20/11:06:29.482664,9482,1626771991,156016111,,22.3824996948,0.491105079651,0.0,10.9921588898,0.0,0.0,0,0,0,False,(),,
2021/07/20/11:06:29.523336,9483,1626771991,195986986,,22.3608398438,0.491105079651,0.0,10.9815216064,0.0,0.0,0,0,0,False,(),,
2021/07/20/11:06:29.562616,9484,1626771991,235997915,,22.3608398438,0.491105079651,0.0,10.9815216064,0.0,0.0,0,0,0,False,(),,
2021/07/20/11:06:29.601930,9485,1626771991,275516033,,22.3824996948,0.491105079651,0.0,10.9921588898,0.0,0.0,0,0,0,False,(),,
2021/07/20/11:06:29.642461,9486,1626771991,315680027,,22.3824996948,0.49773812294,0.0,11.1406230927,0.0,0.0,0,0,0,False,(),,
2021/07/20/11:06:29.684186,9487,1626771991,355745077,,22.3824996948,0.491105079651,0.0,10.9921588898,0.0,0.0,0,0,0,False,(),,
2021/07/20/11:06:29.722669,9488,1626771991,395878076,,22.3824996948,0.49773812294,0.0,11.1406230927,0.0,0.0,0,0,0,False,(),,
2021/07/20/11:06:29.933251,9489,1626771991,436072111,,22.3608398438,0.491105079651,0.0,10.9815216064,0.0,0.0,0,0,0,False,(),,
2021/07/20/11:06:29.933272,9490,1626771991,475738048,,22.3824996948,0.484472006559,0.0,10.8436946869,0.0,0.0,0,0,0,False,(),,
2021/07/20/11:06:29.933281,9491,1626771991,515481948,,22.3824996948,0.47783896327,0.0,10.695230484,0.0,0.0,0,0,0,False,(),,
2021/07/20/11:06:29.933292,9492,1626771991,555495977,,22.3824996948,0.491105079651,0.0,10.9921588898,0.0,0.0,0,0,0,False,(),,
2021/07/20/11:06:29.933336,9493,1626771991,595885038,,22.3824996948,0.491105079651,0.0,10.9921588898,0.0,0.0,0,0,0,False,(),,
2021/07/20/11:06:29.962447,9494,1626771991,635941982,,22.3824996948,0.49773812294,0.0,11.1406230927,0.0,0.0,0,0,0,False,(),,
2021/07/20/11:06:30.002852,9495,1626771991,675734996,,22.3824996948,0.49773812294,0.0,11.1406230927,0.0,0.0,0,0,0,False,(),,
2021/07/20/11:06:30.042725,9496,1626771991,716090917,,22.3824996948,0.491105079651,0.0,10.9921588898,0.0,0.0,0,0,0,False,(),,
2021/07/20/11:06:30.084306,9497,1626771991,756103992,,22.3824996948,0.504371166229,0.0,11.2890882492,0.0,0.0,0,0,0,False,(),,
2021/07/20/11:06:30.122666,9498,1626771991,795927047,,22.3608398438,0.491105079651,0.0,10.9815216064,0.0,0.0,0,0,0,False,(),,
2021/07/20/11:06:30.162354,9499,1626771991,835807085,,22.3824996948,0.484472006559,0.0,10.8436946869,0.0,0.0,0,0,0,False,(),,
2021/07/20/11:06:30.202860,9500,1626771991,876044988,,22.3824996948,0.484472006559,0.0,10.8436946869,0.0,0.0,0,0,0,False,(),,
2021/07/20/11:06:30.241836,9501,1626771991,915265083,,22.3824996948,0.491105079651,0.0,10.9921588898,0.0,0.0,0,0,0,False,(),,
2021/07/20/11:06:30.282733,9502,1626771991,955573081,,22.3824996948,0.49773812294,0.0,11.1406230927,0.0,0.0,0,0,0,False,(),,
2021/07/20/11:06:30.324024,9503,1626771991,995739936,,22.3824996948,0.491105079651,0.0,10.9921588898,0.0,0.0,0,0,0,False,(),,
2021/07/20/11:06:30.362381,9504,1626771992,35840034,,22.3824996948,0.491105079651,0.0,10.9921588898,0.0,0.0,0,0,0,False,(),,
2021/07/20/11:06:30.404429,9505,1626771992,75982093,,22.3824996948,0.49773812294,0.0,11.1406230927,0.0,0.0,0,0,0,False,(),,
2021/07/20/11:06:30.443097,9506,1626771992,115890026,,22.3824996948,0.484472006559,0.0,10.8436946869,0.0,0.0,0,0,0,False,(),,
2021/07/20/11:06:30.484087,9507,1626771992,155740022,,22.3824996948,0.491105079651,0.0,10.9921588898,0.0,0.0,0,0,0,False,(),,
2021/07/20/11:06:30.523134,9508,1626771992,195719957,,22.3824996948,0.491105079651,0.0,10.9921588898,0.0,0.0,0,0,0,False,(),,
2021/07/20/11:06:30.564039,9509,1626771992,235727071,,22.3608398438,0.491105079651,0.0,10.9815216064,0.0,0.0,0,0,0,False,(),,
2021/07/20/11:06:30.602392,9510,1626771992,275830030,,22.3824996948,0.484472006559,0.0,10.8436946869,0.0,0.0,0,0,0,False,(),,
2021/07/20/11:06:30.642785,9511,1626771992,315665006,,22.3608398438,0.484472006559,0.0,10.8332014084,0.0,0.0,0,0,0,False,(),,
2021/07/20/11:06:30.683695,9512,1626771992,355906009,,22.3824996948,0.491105079651,0.0,10.9921588898,0.0,0.0,0,0,0,False,(),,
2021/07/20/11:06:30.725272,9513,1626771992,396074056,,22.3824996948,0.491105079651,0.0,10.9921588898,0.0,0.0,0,0,0,False,(),,
2021/07/20/11:06:30.930321,9514,1626771992,435384988,,22.3824996948,0.47783896327,0.0,10.695230484,0.0,0.0,0,0,0,False,(),,
2021/07/20/11:06:30.930338,9515,1626771992,475527048,,22.3824996948,0.491105079651,0.0,10.9921588898,0.0,0.0,0,0,0,False,(),,
2021/07/20/11:06:30.930345,9516,1626771992,515671014,,22.3824996948,0.47783896327,0.0,10.695230484,0.0,0.0,0,0,0,False,(),,
2021/07/20/11:06:30.930351,9517,1626771992,555680036,,22.3824996948,0.484472006559,0.0,10.8436946869,0.0,0.0,0,0,0,False,(),,
2021/07/20/11:06:30.930356,9518,1626771992,595738887,,22.3824996948,0.484472006559,0.0,10.8436946869,0.0,0.0,0,0,0,False,(),,
2021/07/20/11:06:30.963825,9519,1626771992,635696887,,22.3824996948,0.484472006559,0.0,10.8436946869,0.0,0.0,0,0,0,False,(),,
2021/07/20/11:06:31.005932,9520,1626771992,675972938,,22.3824996948,0.491105079651,0.0,10.9921588898,0.0,0.0,0,0,0,False,(),,
2021/07/20/11:06:31.044977,9521,1626771992,715526103,,22.3824996948,0.491105079651,0.0,10.9921588898,0.0,0.0,0,0,0,False,(),,
2021/07/20/11:06:31.091074,9522,1626771992,755601882,,22.3824996948,0.484472006559,0.0,10.8436946869,0.0,0.0,0,0,0,False,(),,
2021/07/20/11:06:31.122942,9523,1626771992,795692920,,22.3824996948,0.49773812294,0.0,11.1406230927,0.0,0.0,0,0,0,False,(),,
2021/07/20/11:06:31.162912,9524,1626771992,835952997,,22.3608398438,0.491105079651,0.0,10.9815216064,0.0,0.0,0,0,0,False,(),,
2021/07/20/11:06:31.202777,9525,1626771992,875948905,,22.3824996948,0.484472006559,0.0,10.8436946869,0.0,0.0,0,0,0,False,(),,
2021/07/20/11:06:31.243029,9526,1626771992,915990114,,22.3824996948,0.491105079651,0.0,10.9921588898,0.0,0.0,0,0,0,False,(),,
2021/07/20/11:06:31.283796,9527,1626771992,955876111,,22.3824996948,0.49773812294,0.0,11.1406230927,0.0,0.0,0,0,0,False,(),,
2021/07/20/11:06:31.322092,9528,1626771992,995498895,,22.3608398438,0.484472006559,0.0,10.8332014084,0.0,0.0,0,0,0,False,(),,
2021/07/20/11:06:31.362170,9529,1626771993,35592079,,22.3824996948,0.484472006559,0.0,10.8436946869,0.0,0.0,0,0,0,False,(),,
2021/07/20/11:06:31.402819,9530,1626771993,75656890,,22.3824996948,0.491105079651,0.0,10.9921588898,0.0,0.0,0,0,0,False,(),,
2021/07/20/11:06:31.444395,9531,1626771993,115753889,,22.3824996948,0.49773812294,0.0,11.1406230927,0.0,0.0,0,0,0,False,(),,
2021/07/20/11:06:31.483002,9532,1626771993,155788898,,22.3824996948,0.491105079651,0.0,10.9921588898,0.0,0.0,0,0,0,False,(),,
2021/07/20/11:06:31.523960,9533,1626771993,195882081,,22.3824996948,0.491105079651,0.0,10.9921588898,0.0,0.0,0,0,0,False,(),,
2021/07/20/11:06:31.565053,9534,1626771993,235367059,,22.3824996948,0.491105079651,0.0,10.9921588898,0.0,0.0,0,0,0,False,(),,
2021/07/20/11:06:31.602036,9535,1626771993,275465011,,22.3824996948,0.491105079651,0.0,10.9921588898,0.0,0.0,0,0,0,False,(),,
2021/07/20/11:06:31.642548,9536,1626771993,315717935,,22.3824996948,0.484472006559,0.0,10.8436946869,0.0,0.0,0,0,0,False,(),,
2021/07/20/11:06:31.683001,9537,1626771993,355739116,,22.3824996948,0.484472006559,0.0,10.8436946869,0.0,0.0,0,0,0,False,(),,
2021/07/20/11:06:31.723219,9538,1626771993,395911931,,22.3824996948,0.49773812294,0.0,11.1406230927,0.0,0.0,0,0,0,False,(),,
2021/07/20/11:06:31.933540,9539,1626771993,435918092,,22.3824996948,0.484472006559,0.0,10.8436946869,0.0,0.0,0,0,0,False,(),,
2021/07/20/11:06:31.933573,9540,1626771993,475770950,,22.3608398438,0.491105079651,0.0,10.9815216064,0.0,0.0,0,0,0,False,(),,
2021/07/20/11:06:31.933598,9541,1626771993,515777111,,22.3824996948,0.484472006559,0.0,10.8436946869,0.0,0.0,0,0,0,False,(),,
2021/07/20/11:06:31.933612,9542,1626771993,555490016,,22.3608398438,0.491105079651,0.0,10.9815216064,0.0,0.0,0,0,0,False,(),,
2021/07/20/11:06:31.933636,9543,1626771993,595691919,,22.3824996948,0.484472006559,0.0,10.8436946869,0.0,0.0,0,0,0,False,(),,
2021/07/20/11:06:31.963994,9544,1626771993,636353015,,22.3824996948,0.484472006559,0.0,10.8436946869,0.0,0.0,0,0,0,False,(),,
2021/07/20/11:06:32.003303,9545,1626771993,675991058,,22.3824996948,0.49773812294,0.0,11.1406230927,0.0,0.0,0,0,0,False,(),,
2021/07/20/11:06:32.043362,9546,1626771993,716046094,,22.3824996948,0.491105079651,0.0,10.9921588898,0.0,0.0,0,0,0,False,(),,
2021/07/20/11:06:32.082082,9547,1626771993,755464076,,22.3824996948,0.484472006559,0.0,10.8436946869,0.0,0.0,0,0,0,False,(),,
2021/07/20/11:06:32.122784,9548,1626771993,795592069,,22.3824996948,0.491105079651,0.0,10.9921588898,0.0,0.0,0,0,0,False,(),,
2021/07/20/11:06:32.163217,9549,1626771993,835616111,,22.3824996948,0.49773812294,0.0,11.1406230927,0.0,0.0,0,0,0,False,(),,
2021/07/20/11:06:32.204748,9550,1626771993,875766038,,22.3824996948,0.491105079651,0.0,10.9921588898,0.0,0.0,0,0,0,False,(),,
2021/07/20/11:06:32.245760,9551,1626771993,915954113,,22.3824996948,0.49773812294,0.0,11.1406230927,0.0,0.0,0,0,0,False,(),,
2021/07/20/11:06:32.283937,9552,1626771993,956069946,,22.3824996948,0.491105079651,0.0,10.9921588898,0.0,0.0,0,0,0,False,(),,
2021/07/20/11:06:32.321888,9553,1626771993,995492935,,22.3824996948,0.491105079651,0.0,10.9921588898,0.0,0.0,0,0,0,False,(),,
2021/07/20/11:06:32.364679,9554,1626771994,35540103,,22.3824996948,0.47783896327,0.0,10.695230484,0.0,0.0,0,0,0,False,(),,
2021/07/20/11:06:32.402649,9555,1626771994,75916051,,22.3824996948,0.484472006559,0.0,10.8436946869,0.0,0.0,0,0,0,False,(),,
2021/07/20/11:06:32.444067,9556,1626771994,115894079,,22.3824996948,0.484472006559,0.0,10.8436946869,0.0,0.0,0,0,0,False,(),,
2021/07/20/11:06:32.482704,9557,1626771994,155612945,,22.3824996948,0.491105079651,0.0,10.9921588898,0.0,0.0,0,0,0,False,(),,
2021/07/20/11:06:32.522493,9558,1626771994,195405960,,22.3824996948,0.484472006559,0.0,10.8436946869,0.0,0.0,0,0,0,False,(),,
2021/07/20/11:06:32.563348,9559,1626771994,235599994,,22.3824996948,0.484472006559,0.0,10.8436946869,0.0,0.0,0,0,0,False,(),,
2021/07/20/11:06:32.602694,9560,1626771994,275619029,,22.3824996948,0.484472006559,0.0,10.8436946869,0.0,0.0,0,0,0,False,(),,
2021/07/20/11:06:32.644139,9561,1626771994,316016912,,22.3824996948,0.491105079651,0.0,10.9921588898,0.0,0.0,0,0,0,False,(),,
2021/07/20/11:06:32.684107,9562,1626771994,355644941,,22.3824996948,0.484472006559,0.0,10.8436946869,0.0,0.0,0,0,0,False,(),,
2021/07/20/11:06:32.723402,9563,1626771994,395775079,,22.3824996948,0.484472006559,0.0,10.8436946869,0.0,0.0,0,0,0,False,(),,
2021/07/20/11:06:32.933187,9564,1626771994,435877084,,22.3608398438,0.491105079651,0.0,10.9815216064,0.0,0.0,0,0,0,False,(),,
2021/07/20/11:06:32.933203,9565,1626771994,475977897,,22.3824996948,0.484472006559,0.0,10.8436946869,0.0,0.0,0,0,0,False,(),,
2021/07/20/11:06:32.933214,9566,1626771994,515944957,,22.3608398438,0.47783896327,0.0,10.6848802567,0.0,0.0,0,0,0,False,(),,
2021/07/20/11:06:32.933229,9567,1626771994,555763959,,22.3824996948,0.47783896327,0.0,10.695230484,0.0,0.0,0,0,0,False,(),,
2021/07/20/11:06:32.933235,9568,1626771994,595788955,,22.3824996948,0.484472006559,0.0,10.8436946869,0.0,0.0,0,0,0,False,(),,
2021/07/20/11:06:32.965775,9569,1626771994,636621952,,22.3824996948,0.484472006559,0.0,10.8436946869,0.0,0.0,0,0,0,False,(),,
2021/07/20/11:06:33.004418,9570,1626771994,676515102,,22.3824996948,0.491105079651,0.0,10.9921588898,0.0,0.0,0,0,0,False,(),,
2021/07/20/11:06:33.042925,9571,1626771994,716162919,,22.3824996948,0.504371166229,0.0,11.2890882492,0.0,0.0,0,0,0,False,(),,
2021/07/20/11:06:33.082208,9572,1626771994,755961894,,22.3824996948,0.484472006559,0.0,10.8436946869,0.0,0.0,0,0,0,False,(),,
2021/07/20/11:06:33.123129,9573,1626771994,795706987,,22.3824996948,0.491105079651,0.0,10.9921588898,0.0,0.0,0,0,0,False,(),,
2021/07/20/11:06:33.163925,9574,1626771994,836080074,,22.3824996948,0.484472006559,0.0,10.8436946869,0.0,0.0,0,0,0,False,(),,
2021/07/20/11:06:33.203891,9575,1626771994,876024007,,22.3824996948,0.484472006559,0.0,10.8436946869,0.0,0.0,0,0,0,False,(),,
2021/07/20/11:06:33.243640,9576,1626771994,916218996,,22.3608398438,0.491105079651,0.0,10.9815216064,0.0,0.0,0,0,0,False,(),,
2021/07/20/11:06:33.282480,9577,1626771994,955952882,,22.3824996948,0.484472006559,0.0,10.8436946869,0.0,0.0,0,0,0,False,(),,
2021/07/20/11:06:33.322864,9578,1626771994,995752096,,22.3608398438,0.484472006559,0.0,10.8332014084,0.0,0.0,0,0,0,False,(),,
2021/07/20/11:06:33.363306,9579,1626771995,35726070,,22.3824996948,0.491105079651,0.0,10.9921588898,0.0,0.0,0,0,0,False,(),,
2021/07/20/11:06:33.403201,9580,1626771995,75968027,,22.3824996948,0.484472006559,0.0,10.8436946869,0.0,0.0,0,0,0,False,(),,
2021/07/20/11:06:33.441771,9581,1626771995,115406990,,22.3824996948,0.484472006559,0.0,10.8436946869,0.0,0.0,0,0,0,False,(),,
2021/07/20/11:06:33.481769,9582,1626771995,155261039,,22.3608398438,0.491105079651,0.0,10.9815216064,0.0,0.0,0,0,0,False,(),,
2021/07/20/11:06:33.523049,9583,1626771995,195754051,,22.3608398438,0.484472006559,0.0,10.8332014084,0.0,0.0,0,0,0,False,(),,
2021/07/20/11:06:33.562751,9584,1626771995,235621929,,22.3824996948,0.484472006559,0.0,10.8436946869,0.0,0.0,0,0,0,False,(),,
2021/07/20/11:06:33.605289,9585,1626771995,276063919,,22.3824996948,0.491105079651,0.0,10.9921588898,0.0,0.0,0,0,0,False,(),,
2021/07/20/11:06:33.643145,9586,1626771995,315907001,,22.3824996948,0.49773812294,0.0,11.1406230927,0.0,0.0,0,0,0,False,(),,
2021/07/20/11:06:33.682667,9587,1626771995,355962038,,22.3824996948,0.491105079651,0.0,10.9921588898,0.0,0.0,0,0,0,False,(),,
2021/07/20/11:06:33.723526,9588,1626771995,395944118,,22.3824996948,0.47783896327,0.0,10.695230484,0.0,0.0,0,0,0,False,(),,
2021/07/20/11:06:33.933947,9589,1626771995,435781955,,22.3824996948,0.491105079651,0.0,10.9921588898,0.0,0.0,0,0,0,False,(),,
2021/07/20/11:06:33.933990,9590,1626771995,475413084,,22.3824996948,0.47783896327,0.0,10.695230484,0.0,0.0,0,0,0,False,(),,
2021/07/20/11:06:33.934000,9591,1626771995,515454053,,22.3824996948,0.491105079651,0.0,10.9921588898,0.0,0.0,0,0,0,False,(),,
2021/07/20/11:06:33.934011,9592,1626771995,555651903,,22.3824996948,0.47783896327,0.0,10.695230484,0.0,0.0,0,0,0,False,(),,
2021/07/20/11:06:33.934018,9593,1626771995,595613956,,22.3824996948,0.484472006559,0.0,10.8436946869,0.0,0.0,0,0,0,False,(),,
2021/07/20/11:06:33.962699,9594,1626771995,635715007,,22.3824996948,0.484472006559,0.0,10.8436946869,0.0,0.0,0,0,0,False,(),,
2021/07/20/11:06:34.003209,9595,1626771995,675636053,,22.3824996948,0.49773812294,0.0,11.1406230927,0.0,0.0,0,0,0,False,(),,
2021/07/20/11:06:34.043057,9596,1626771995,715771913,,22.3824996948,0.484472006559,0.0,10.8436946869,0.0,0.0,0,0,0,False,(),,
2021/07/20/11:06:34.084403,9597,1626771995,755491018,,22.3824996948,0.47783896327,0.0,10.695230484,0.0,0.0,0,0,0,False,(),,
2021/07/20/11:06:34.122179,9598,1626771995,795706987,,22.3824996948,0.484472006559,0.0,10.8436946869,0.0,0.0,0,0,0,False,(),,
2021/07/20/11:06:34.164612,9599,1626771995,835755109,,22.3608398438,0.484472006559,0.0,10.8332014084,0.0,0.0,0,0,0,False,(),,
2021/07/20/11:06:34.202757,9600,1626771995,875583887,,22.3608398438,0.491105079651,0.0,10.9815216064,0.0,0.0,0,0,0,False,(),,
2021/07/20/11:06:34.241934,9601,1626771995,915518999,,22.3824996948,0.484472006559,0.0,10.8436946869,0.0,0.0,0,0,0,False,(),,
2021/07/20/11:06:34.282720,9602,1626771995,955564022,,22.3824996948,0.49773812294,0.0,11.1406230927,0.0,0.0,0,0,0,False,(),,
2021/07/20/11:06:34.324801,9603,1626771995,995944976,,22.3824996948,0.47783896327,0.0,10.695230484,0.0,0.0,0,0,0,False,(),,
2021/07/20/11:06:34.362321,9604,1626771996,35646915,,22.3824996948,0.484472006559,0.0,10.8436946869,0.0,0.0,0,0,0,False,(),,
2021/07/20/11:06:34.402090,9605,1626771996,75737953,,22.3824996948,0.491105079651,0.0,10.9921588898,0.0,0.0,0,0,0,False,(),,
2021/07/20/11:06:34.442975,9606,1626771996,115964889,,22.3824996948,0.484472006559,0.0,10.8436946869,0.0,0.0,0,0,0,False,(),,
2021/07/20/11:06:34.482634,9607,1626771996,155869007,,22.3824996948,0.484472006559,0.0,10.8436946869,0.0,0.0,0,0,0,False,(),,
2021/07/20/11:06:34.526095,9608,1626771996,195794105,,22.3824996948,0.484472006559,0.0,10.8436946869,0.0,0.0,0,0,0,False,(),,
2021/07/20/11:06:34.562620,9609,1626771996,235954999,,22.3824996948,0.491105079651,0.0,10.9921588898,0.0,0.0,0,0,0,False,(),,
2021/07/20/11:06:34.603148,9610,1626771996,275965929,,22.3824996948,0.484472006559,0.0,10.8436946869,0.0,0.0,0,0,0,False,(),,
2021/07/20/11:06:34.643297,9611,1626771996,315809011,,22.3824996948,0.49773812294,0.0,11.1406230927,0.0,0.0,0,0,0,False,(),,
2021/07/20/11:06:34.683750,9612,1626771996,355947017,,22.3608398438,0.491105079651,0.0,10.9815216064,0.0,0.0,0,0,0,False,(),,
2021/07/20/11:06:34.722197,9613,1626771996,395719051,,22.3824996948,0.491105079651,0.0,10.9921588898,0.0,0.0,0,0,0,False,(),,
2021/07/20/11:06:34.929360,9614,1626771996,435703039,,22.3824996948,0.47783896327,0.0,10.695230484,0.0,0.0,0,0,0,False,(),,
2021/07/20/11:06:34.929385,9615,1626771996,475588083,,22.3824996948,0.484472006559,0.0,10.8436946869,0.0,0.0,0,0,0,False,(),,
2021/07/20/11:06:34.929395,9616,1626771996,515759944,,22.3824996948,0.484472006559,0.0,10.8436946869,0.0,0.0,0,0,0,False,(),,
2021/07/20/11:06:34.929408,9617,1626771996,555913925,,22.3824996948,0.491105079651,0.0,10.9921588898,0.0,0.0,0,0,0,False,(),,
2021/07/20/11:06:34.929445,9618,1626771996,596193075,,22.3824996948,0.471205890179,0.0,10.5467653275,0.0,0.0,0,0,0,False,(),,
2021/07/20/11:06:34.962469,9619,1626771996,635658025,,22.3608398438,0.491105079651,0.0,10.9815216064,0.0,0.0,0,0,0,False,(),,
2021/07/20/11:06:35.003814,9620,1626771996,676053047,,22.3608398438,0.491105079651,0.0,10.9815216064,0.0,0.0,0,0,0,False,(),,
2021/07/20/11:06:35.042835,9621,1626771996,715959072,,22.3824996948,0.491105079651,0.0,10.9921588898,0.0,0.0,0,0,0,False,(),,
2021/07/20/11:06:35.082773,9622,1626771996,755705118,,22.3824996948,0.491105079651,0.0,10.9921588898,0.0,0.0,0,0,0,False,(),,
2021/07/20/11:06:35.122453,9623,1626771996,795968055,,22.3824996948,0.484472006559,0.0,10.8436946869,0.0,0.0,0,0,0,False,(),,
2021/07/20/11:06:35.162541,9624,1626771996,836118936,,22.3824996948,0.491105079651,0.0,10.9921588898,0.0,0.0,0,0,0,False,(),,
2021/07/20/11:06:35.204664,9625,1626771996,876126050,,22.3824996948,0.484472006559,0.0,10.8436946869,0.0,0.0,0,0,0,False,(),,
2021/07/20/11:06:35.244845,9626,1626771996,915646076,,22.3824996948,0.484472006559,0.0,10.8436946869,0.0,0.0,0,0,0,False,(),,
2021/07/20/11:06:35.282175,9627,1626771996,955809116,,22.3824996948,0.491105079651,0.0,10.9921588898,0.0,0.0,0,0,0,False,(),,
2021/07/20/11:06:35.322535,9628,1626771996,995773077,,22.3824996948,0.491105079651,0.0,10.9921588898,0.0,0.0,0,0,0,False,(),,
2021/07/20/11:06:35.363539,9629,1626771997,35943031,,22.3824996948,0.484472006559,0.0,10.8436946869,0.0,0.0,0,0,0,False,(),,
2021/07/20/11:06:35.403247,9630,1626771997,75738906,,22.3824996948,0.47783896327,0.0,10.695230484,0.0,0.0,0,0,0,False,(),,
2021/07/20/11:06:35.443120,9631,1626771997,115986108,,22.3824996948,0.484472006559,0.0,10.8436946869,0.0,0.0,0,0,0,False,(),,
2021/07/20/11:06:35.483384,9632,1626771997,155901908,,22.3824996948,0.47783896327,0.0,10.695230484,0.0,0.0,0,0,0,False,(),,
2021/07/20/11:06:35.521767,9633,1626771997,195425033,,22.3824996948,0.484472006559,0.0,10.8436946869,0.0,0.0,0,0,0,False,(),,
2021/07/20/11:06:35.562032,9634,1626771997,235615015,,22.3608398438,0.484472006559,0.0,10.8332014084,0.0,0.0,0,0,0,False,(),,
2021/07/20/11:06:35.602241,9635,1626771997,275672912,,22.3824996948,0.484472006559,0.0,10.8436946869,0.0,0.0,0,0,0,False,(),,
2021/07/20/11:06:35.642081,9636,1626771997,315567016,,22.3824996948,0.484472006559,0.0,10.8436946869,0.0,0.0,0,0,0,False,(),,
2021/07/20/11:06:35.682926,9637,1626771997,355863094,,22.3824996948,0.491105079651,0.0,10.9921588898,0.0,0.0,0,0,0,False,(),,
2021/07/20/11:06:35.723231,9638,1626771997,396270990,,22.3824996948,0.491105079651,0.0,10.9921588898,0.0,0.0,0,0,0,False,(),,
2021/07/20/11:06:35.928885,9639,1626771997,436000108,,22.3824996948,0.484472006559,0.0,10.8436946869,0.0,0.0,0,0,0,False,(),,
2021/07/20/11:06:35.928899,9640,1626771997,476126909,,22.3608398438,0.47783896327,0.0,10.6848802567,0.0,0.0,0,0,0,False,(),,
2021/07/20/11:06:35.928907,9641,1626771997,515899896,,22.3608398438,0.484472006559,0.0,10.8332014084,0.0,0.0,0,0,0,False,(),,
2021/07/20/11:06:35.928910,9642,1626771997,555773019,,22.3824996948,0.47783896327,0.0,10.695230484,0.0,0.0,0,0,0,False,(),,
2021/07/20/11:06:35.928959,9643,1626771997,595654010,,22.3824996948,0.47783896327,0.0,10.695230484,0.0,0.0,0,0,0,False,(),,
2021/07/20/11:06:35.970813,9644,1626771997,635921955,,22.3824996948,0.484472006559,0.0,10.8436946869,0.0,0.0,0,0,0,False,(),,
2021/07/20/11:06:36.003092,9645,1626771997,675988912,,22.3824996948,0.491105079651,0.0,10.9921588898,0.0,0.0,0,0,0,False,(),,
2021/07/20/11:06:36.044402,9646,1626771997,715990066,,22.3608398438,0.491105079651,0.0,10.9815216064,0.0,0.0,0,0,0,False,(),,
2021/07/20/11:06:36.082518,9647,1626771997,755662918,,22.3824996948,0.484472006559,0.0,10.8436946869,0.0,0.0,0,0,0,False,(),,
2021/07/20/11:06:36.128692,9648,1626771997,795753955,,22.3824996948,0.491105079651,0.0,10.9921588898,0.0,0.0,0,0,0,False,(),,
2021/07/20/11:06:36.164864,9649,1626771997,836112976,,22.3824996948,0.491105079651,0.0,10.9921588898,0.0,0.0,0,0,0,False,(),,
2021/07/20/11:06:36.204158,9650,1626771997,875493049,,22.3824996948,0.484472006559,0.0,10.8436946869,0.0,0.0,0,0,0,False,(),,
2021/07/20/11:06:36.242119,9651,1626771997,915365934,,22.3608398438,0.484472006559,0.0,10.8332014084,0.0,0.0,0,0,0,False,(),,
2021/07/20/11:06:36.283555,9652,1626771997,955975055,,22.3824996948,0.471205890179,0.0,10.5467653275,0.0,0.0,0,0,0,False,(),,
2021/07/20/11:06:36.322833,9653,1626771997,995908021,,22.3824996948,0.484472006559,0.0,10.8436946869,0.0,0.0,0,0,0,False,(),,
2021/07/20/11:06:36.362430,9654,1626771998,35886049,,22.3824996948,0.484472006559,0.0,10.8436946869,0.0,0.0,0,0,0,False,(),,
2021/07/20/11:06:36.402873,9655,1626771998,75958013,,22.3824996948,0.484472006559,0.0,10.8436946869,0.0,0.0,0,0,0,False,(),,
2021/07/20/11:06:36.442395,9656,1626771998,115927934,,22.3824996948,0.484472006559,0.0,10.8436946869,0.0,0.0,0,0,0,False,(),,
2021/07/20/11:06:36.487317,9657,1626771998,155585050,,22.3824996948,0.491105079651,0.0,10.9921588898,0.0,0.0,0,0,0,False,(),,
2021/07/20/11:06:36.522814,9658,1626771998,195600986,,22.3824996948,0.484472006559,0.0,10.8436946869,0.0,0.0,0,0,0,False,(),,
2021/07/20/11:06:36.563171,9659,1626771998,236066102,,22.3824996948,0.484472006559,0.0,10.8436946869,0.0,0.0,0,0,0,False,(),,
2021/07/20/11:06:36.603055,9660,1626771998,275753021,,22.3824996948,0.47783896327,0.0,10.695230484,0.0,0.0,0,0,0,False,(),,
2021/07/20/11:06:36.642467,9661,1626771998,315773963,,22.3608398438,0.491105079651,0.0,10.9815216064,0.0,0.0,0,0,0,False,(),,
2021/07/20/11:06:36.684264,9662,1626771998,356092929,,22.3824996948,0.484472006559,0.0,10.8436946869,0.0,0.0,0,0,0,False,(),,
2021/07/20/11:06:36.723401,9663,1626771998,395719051,,22.3824996948,0.484472006559,0.0,10.8436946869,0.0,0.0,0,0,0,False,(),,
2021/07/20/11:06:36.935209,9664,1626771998,435722112,,22.3824996948,0.484472006559,0.0,10.8436946869,0.0,0.0,0,0,0,False,(),,
2021/07/20/11:06:36.935216,9665,1626771998,475931882,,22.3824996948,0.491105079651,0.0,10.9921588898,0.0,0.0,0,0,0,False,(),,
2021/07/20/11:06:36.935241,9666,1626771998,515923976,,22.3824996948,0.491105079651,0.0,10.9921588898,0.0,0.0,0,0,0,False,(),,
2021/07/20/11:06:36.935282,9667,1626771998,555983066,,22.3824996948,0.484472006559,0.0,10.8436946869,0.0,0.0,0,0,0,False,(),,
2021/07/20/11:06:36.935318,9668,1626771998,595719099,,22.3824996948,0.491105079651,0.0,10.9921588898,0.0,0.0,0,0,0,False,(),,
2021/07/20/11:06:36.964195,9669,1626771998,635967016,,22.3824996948,0.491105079651,0.0,10.9921588898,0.0,0.0,0,0,0,False,(),,
2021/07/20/11:06:37.002789,9670,1626771998,675973892,,22.3824996948,0.484472006559,0.0,10.8436946869,0.0,0.0,0,0,0,False,(),,
2021/07/20/11:06:37.042734,9671,1626771998,715913057,,22.3824996948,0.484472006559,0.0,10.8436946869,0.0,0.0,0,0,0,False,(),,
2021/07/20/11:06:37.082970,9672,1626771998,756120920,,22.3608398438,0.491105079651,0.0,10.9815216064,0.0,0.0,0,0,0,False,(),,
2021/07/20/11:06:37.123012,9673,1626771998,796036958,,22.3608398438,0.491105079651,0.0,10.9815216064,0.0,0.0,0,0,0,False,(),,
2021/07/20/11:06:37.163908,9674,1626771998,837016105,,22.3824996948,0.491105079651,0.0,10.9921588898,0.0,0.0,0,0,0,False,(),,
2021/07/20/11:06:37.202415,9675,1626771998,876112937,,22.3824996948,0.484472006559,0.0,10.8436946869,0.0,0.0,0,0,0,False,(),,
2021/07/20/11:06:37.243084,9676,1626771998,915775060,,22.3824996948,0.47783896327,0.0,10.695230484,0.0,0.0,0,0,0,False,(),,
2021/07/20/11:06:37.283238,9677,1626771998,955993890,,22.3824996948,0.47783896327,0.0,10.695230484,0.0,0.0,0,0,0,False,(),,
2021/07/20/11:06:37.323276,9678,1626771998,996339082,,22.3824996948,0.484472006559,0.0,10.8436946869,0.0,0.0,0,0,0,False,(),,
2021/07/20/11:06:37.363066,9679,1626771999,35732030,,22.3824996948,0.484472006559,0.0,10.8436946869,0.0,0.0,0,0,0,False,(),,
2021/07/20/11:06:37.404636,9680,1626771999,75867891,,22.3824996948,0.484472006559,0.0,10.8436946869,0.0,0.0,0,0,0,False,(),,
2021/07/20/11:06:37.442557,9681,1626771999,115997076,,22.3824996948,0.484472006559,0.0,10.8436946869,0.0,0.0,0,0,0,False,(),,
2021/07/20/11:06:37.484858,9682,1626771999,155679941,,22.3824996948,0.484472006559,0.0,10.8436946869,0.0,0.0,0,0,0,False,(),,
2021/07/20/11:06:37.522970,9683,1626771999,196046113,,22.3824996948,0.491105079651,0.0,10.9921588898,0.0,0.0,0,0,0,False,(),,
2021/07/20/11:06:37.563295,9684,1626771999,235898017,,22.3824996948,0.484472006559,0.0,10.8436946869,0.0,0.0,0,0,0,False,(),,
2021/07/20/11:06:37.603390,9685,1626771999,275964021,,22.3824996948,0.484472006559,0.0,10.8436946869,0.0,0.0,0,0,0,False,(),,
2021/07/20/11:06:37.641722,9686,1626771999,315495014,,22.3608398438,0.491105079651,0.0,10.9815216064,0.0,0.0,0,0,0,False,(),,
2021/07/20/11:06:37.681736,9687,1626771999,355729103,,22.3824996948,0.484472006559,0.0,10.8436946869,0.0,0.0,0,0,0,False,(),,
2021/07/20/11:06:37.722427,9688,1626771999,395750045,,22.3824996948,0.491105079651,0.0,10.9921588898,0.0,0.0,0,0,0,False,(),,
2021/07/20/11:06:37.933268,9689,1626771999,435735940,,22.3824996948,0.47783896327,0.0,10.695230484,0.0,0.0,0,0,0,False,(),,
2021/07/20/11:06:37.933290,9690,1626771999,475985050,,22.3824996948,0.491105079651,0.0,10.9921588898,0.0,0.0,0,0,0,False,(),,
2021/07/20/11:06:37.933309,9691,1626771999,516093015,,22.3824996948,0.491105079651,0.0,10.9921588898,0.0,0.0,0,0,0,False,(),,
2021/07/20/11:06:37.933314,9692,1626771999,555864095,,22.3824996948,0.484472006559,0.0,10.8436946869,0.0,0.0,0,0,0,False,(),,
2021/07/20/11:06:37.933420,9693,1626771999,595952987,,22.3824996948,0.47783896327,0.0,10.695230484,0.0,0.0,0,0,0,False,(),,
2021/07/20/11:06:37.987047,9694,1626771999,635509967,,22.3824996948,0.491105079651,0.0,10.9921588898,0.0,0.0,0,0,0,False,(),,
2021/07/20/11:06:38.020572,9695,1626771999,675846099,,22.3824996948,0.484472006559,0.0,10.8436946869,0.0,0.0,0,0,0,False,(),,
2021/07/20/11:06:38.043424,9696,1626771999,716120958,,22.3824996948,0.484472006559,0.0,10.8436946869,0.0,0.0,0,0,0,False,(),,
2021/07/20/11:06:38.084561,9697,1626771999,755944967,,22.3824996948,0.484472006559,0.0,10.8436946869,0.0,0.0,0,0,0,False,(),,
2021/07/20/11:06:38.122804,9698,1626771999,795696020,,22.3824996948,0.491105079651,0.0,10.9921588898,0.0,0.0,0,0,0,False,(),,
2021/07/20/11:06:38.162936,9699,1626771999,835676908,,22.3824996948,0.491105079651,0.0,10.9921588898,0.0,0.0,0,0,0,False,(),,
2021/07/20/11:06:38.203052,9700,1626771999,875914096,,22.3824996948,0.484472006559,0.0,10.8436946869,0.0,0.0,0,0,0,False,(),,
2021/07/20/11:06:38.242920,9701,1626771999,916068077,,22.3824996948,0.491105079651,0.0,10.9921588898,0.0,0.0,0,0,0,False,(),,
2021/07/20/11:06:38.282778,9702,1626771999,955883026,,22.3824996948,0.491105079651,0.0,10.9921588898,0.0,0.0,0,0,0,False,(),,
2021/07/20/11:06:38.322953,9703,1626771999,995917081,,22.3608398438,0.484472006559,0.0,10.8332014084,0.0,0.0,0,0,0,False,(),,
2021/07/20/11:06:38.362563,9704,1626772000,36371946,,22.3824996948,0.471205890179,0.0,10.5467653275,0.0,0.0,0,0,0,False,(),,
2021/07/20/11:06:38.402830,9705,1626772000,75784921,,22.3824996948,0.49773812294,0.0,11.1406230927,0.0,0.0,0,0,0,False,(),,
2021/07/20/11:06:38.442969,9706,1626772000,115895032,,22.3824996948,0.484472006559,0.0,10.8436946869,0.0,0.0,0,0,0,False,(),,
2021/07/20/11:06:38.482735,9707,1626772000,155956983,,22.3824996948,0.484472006559,0.0,10.8436946869,0.0,0.0,0,0,0,False,(),,
2021/07/20/11:06:38.522454,9708,1626772000,195930004,,22.3824996948,0.491105079651,0.0,10.9921588898,0.0,0.0,0,0,0,False,(),,
2021/07/20/11:06:38.562579,9709,1626772000,235954046,,22.3824996948,0.491105079651,0.0,10.9921588898,0.0,0.0,0,0,0,False,(),,
2021/07/20/11:06:38.602341,9710,1626772000,275688886,,22.3824996948,0.47783896327,0.0,10.695230484,0.0,0.0,0,0,0,False,(),,
2021/07/20/11:06:38.642560,9711,1626772000,316121101,,22.3824996948,0.484472006559,0.0,10.8436946869,0.0,0.0,0,0,0,False,(),,
2021/07/20/11:06:38.682409,9712,1626772000,356091022,,22.3824996948,0.484472006559,0.0,10.8436946869,0.0,0.0,0,0,0,False,(),,
2021/07/20/11:06:38.725383,9713,1626772000,395577907,,22.3824996948,0.491105079651,0.0,10.9921588898,0.0,0.0,0,0,0,False,(),,
2021/07/20/11:06:38.944985,9714,1626772000,435892105,,22.3824996948,0.484472006559,0.0,10.8436946869,0.0,0.0,0,0,0,False,(),,
2021/07/20/11:06:38.945003,9715,1626772000,475871086,,22.3824996948,0.484472006559,0.0,10.8436946869,0.0,0.0,0,0,0,False,(),,
2021/07/20/11:06:38.945014,9716,1626772000,515841960,,22.3824996948,0.471205890179,0.0,10.5467653275,0.0,0.0,0,0,0,False,(),,
2021/07/20/11:06:38.945026,9717,1626772000,555712938,,22.3824996948,0.484472006559,0.0,10.8436946869,0.0,0.0,0,0,0,False,(),,
2021/07/20/11:06:38.945033,9718,1626772000,595731973,,22.3824996948,0.47783896327,0.0,10.695230484,0.0,0.0,0,0,0,False,(),,
2021/07/20/11:06:38.966906,9719,1626772000,635749101,,22.3608398438,0.484472006559,0.0,10.8332014084,0.0,0.0,0,0,0,False,(),,
2021/07/20/11:06:39.002259,9720,1626772000,675970077,,22.3824996948,0.491105079651,0.0,10.9921588898,0.0,0.0,0,0,0,False,(),,
2021/07/20/11:06:39.042293,9721,1626772000,715991973,,22.3824996948,0.47783896327,0.0,10.695230484,0.0,0.0,0,0,0,False,(),,
2021/07/20/11:06:39.082983,9722,1626772000,755927085,,22.3824996948,0.484472006559,0.0,10.8436946869,0.0,0.0,0,0,0,False,(),,
2021/07/20/11:06:39.123276,9723,1626772000,795984029,,22.3824996948,0.484472006559,0.0,10.8436946869,0.0,0.0,0,0,0,False,(),,
2021/07/20/11:06:39.162859,9724,1626772000,835870981,,22.3824996948,0.484472006559,0.0,10.8436946869,0.0,0.0,0,0,0,False,(),,
2021/07/20/11:06:39.202052,9725,1626772000,875870943,,22.3824996948,0.47783896327,0.0,10.695230484,0.0,0.0,0,0,0,False,(),,
2021/07/20/11:06:39.244029,9726,1626772000,915832996,,22.3824996948,0.47783896327,0.0,10.695230484,0.0,0.0,0,0,0,False,(),,
2021/07/20/11:06:39.282953,9727,1626772000,955992937,,22.3824996948,0.491105079651,0.0,10.9921588898,0.0,0.0,0,0,0,False,(),,
2021/07/20/11:06:39.322481,9728,1626772000,996014118,,22.3824996948,0.484472006559,0.0,10.8436946869,0.0,0.0,0,0,0,False,(),,
2021/07/20/11:06:39.362771,9729,1626772001,36165952,,22.3824996948,0.484472006559,0.0,10.8436946869,0.0,0.0,0,0,0,False,(),,
2021/07/20/11:06:39.402521,9730,1626772001,75772047,,22.3608398438,0.47783896327,0.0,10.6848802567,0.0,0.0,0,0,0,False,(),,
2021/07/20/11:06:39.443083,9731,1626772001,115947008,,22.3824996948,0.491105079651,0.0,10.9921588898,0.0,0.0,0,0,0,False,(),,
2021/07/20/11:06:39.482427,9732,1626772001,155774116,,22.3824996948,0.47783896327,0.0,10.695230484,0.0,0.0,0,0,0,False,(),,
2021/07/20/11:06:39.522781,9733,1626772001,195774078,,22.3824996948,0.491105079651,0.0,10.9921588898,0.0,0.0,0,0,0,False,(),,
2021/07/20/11:06:39.562990,9734,1626772001,235615968,,22.3824996948,0.484472006559,0.0,10.8436946869,0.0,0.0,0,0,0,False,(),,
2021/07/20/11:06:39.603330,9735,1626772001,276160001,,22.3608398438,0.484472006559,0.0,10.8332014084,0.0,0.0,0,0,0,False,(),,
2021/07/20/11:06:39.642648,9736,1626772001,315984010,,22.3824996948,0.484472006559,0.0,10.8436946869,0.0,0.0,0,0,0,False,(),,
2021/07/20/11:06:39.682936,9737,1626772001,355974912,,22.3608398438,0.484472006559,0.0,10.8332014084,0.0,0.0,0,0,0,False,(),,
2021/07/20/11:06:39.722066,9738,1626772001,395957946,,22.3824996948,0.471205890179,0.0,10.5467653275,0.0,0.0,0,0,0,False,(),,
2021/07/20/11:06:39.933648,9739,1626772001,435606956,,22.3824996948,0.484472006559,0.0,10.8436946869,0.0,0.0,0,0,0,False,(),,
2021/07/20/11:06:39.933661,9740,1626772001,475918054,,22.3824996948,0.484472006559,0.0,10.8436946869,0.0,0.0,0,0,0,False,(),,
2021/07/20/11:06:39.933670,9741,1626772001,515453100,,22.3824996948,0.47783896327,0.0,10.695230484,0.0,0.0,0,0,0,False,(),,
2021/07/20/11:06:39.933677,9742,1626772001,555689096,,22.3824996948,0.484472006559,0.0,10.8436946869,0.0,0.0,0,0,0,False,(),,
2021/07/20/11:06:39.933681,9743,1626772001,595619916,,22.3824996948,0.484472006559,0.0,10.8436946869,0.0,0.0,0,0,0,False,(),,
2021/07/20/11:06:39.968965,9744,1626772001,635902881,,22.3824996948,0.484472006559,0.0,10.8436946869,0.0,0.0,0,0,0,False,(),,
2021/07/20/11:06:40.002912,9745,1626772001,675945997,,22.3824996948,0.49773812294,0.0,11.1406230927,0.0,0.0,0,0,0,False,(),,
2021/07/20/11:06:40.043822,9746,1626772001,716140031,,22.3824996948,0.491105079651,0.0,10.9921588898,0.0,0.0,0,0,0,False,(),,
2021/07/20/11:06:40.081682,9747,1626772001,755646944,,22.3824996948,0.491105079651,0.0,10.9921588898,0.0,0.0,0,0,0,False,(),,
2021/07/20/11:06:40.122095,9748,1626772001,795671939,,22.3824996948,0.47783896327,0.0,10.695230484,0.0,0.0,0,0,0,False,(),,
2021/07/20/11:06:40.162498,9749,1626772001,835753917,,22.3824996948,0.49773812294,0.0,11.1406230927,0.0,0.0,0,0,0,False,(),,
2021/07/20/11:06:40.202547,9750,1626772001,875674962,,22.3824996948,0.47783896327,0.0,10.695230484,0.0,0.0,0,0,0,False,(),,
2021/07/20/11:06:40.242084,9751,1626772001,916006088,,22.3608398438,0.484472006559,0.0,10.8332014084,0.0,0.0,0,0,0,False,(),,
2021/07/20/11:06:40.282497,9752,1626772001,955888032,,22.3824996948,0.49773812294,0.0,11.1406230927,0.0,0.0,0,0,0,False,(),,
2021/07/20/11:06:40.324671,9753,1626772001,995831966,,22.3824996948,0.47783896327,0.0,10.695230484,0.0,0.0,0,0,0,False,(),,
2021/07/20/11:06:40.366268,9754,1626772002,35936117,,22.3824996948,0.491105079651,0.0,10.9921588898,0.0,0.0,0,0,0,False,(),,
2021/07/20/11:06:40.402083,9755,1626772002,76014995,,22.3824996948,0.47783896327,0.0,10.695230484,0.0,0.0,0,0,0,False,(),,
2021/07/20/11:06:40.442703,9756,1626772002,115674972,,22.3824996948,0.47783896327,0.0,10.695230484,0.0,0.0,0,0,0,False,(),,
2021/07/20/11:06:40.482913,9757,1626772002,155939102,,22.3824996948,0.484472006559,0.0,10.8436946869,0.0,0.0,0,0,0,False,(),,
2021/07/20/11:06:40.523021,9758,1626772002,196284055,,22.3608398438,0.484472006559,0.0,10.8332014084,0.0,0.0,0,0,0,False,(),,
2021/07/20/11:06:40.565988,9759,1626772002,235790967,,22.3608398438,0.484472006559,0.0,10.8332014084,0.0,0.0,0,0,0,False,(),,
2021/07/20/11:06:40.602699,9760,1626772002,275988101,,22.3824996948,0.484472006559,0.0,10.8436946869,0.0,0.0,0,0,0,False,(),,
2021/07/20/11:06:40.641853,9761,1626772002,315589904,,22.3824996948,0.491105079651,0.0,10.9921588898,0.0,0.0,0,0,0,False,(),,
2021/07/20/11:06:40.682729,9762,1626772002,355942010,,22.3824996948,0.484472006559,0.0,10.8436946869,0.0,0.0,0,0,0,False,(),,
2021/07/20/11:06:40.722781,9763,1626772002,395770072,,22.3824996948,0.491105079651,0.0,10.9921588898,0.0,0.0,0,0,0,False,(),,
2021/07/20/11:06:40.926267,9764,1626772002,435952901,,22.3824996948,0.471205890179,0.0,10.5467653275,0.0,0.0,0,0,0,False,(),,
2021/07/20/11:06:40.926276,9765,1626772002,475770950,,22.3824996948,0.484472006559,0.0,10.8436946869,0.0,0.0,0,0,0,False,(),,
2021/07/20/11:06:40.926283,9766,1626772002,515728950,,22.3824996948,0.484472006559,0.0,10.8436946869,0.0,0.0,0,0,0,False,(),,
2021/07/20/11:06:40.926299,9767,1626772002,555968046,,22.3824996948,0.491105079651,0.0,10.9921588898,0.0,0.0,0,0,0,False,(),,
2021/07/20/11:06:40.926304,9768,1626772002,595767021,,22.3824996948,0.484472006559,0.0,10.8436946869,0.0,0.0,0,0,0,False,(),,
2021/07/20/11:06:40.961800,9769,1626772002,635755062,,22.3824996948,0.504371166229,0.0,11.2890882492,0.0,0.0,0,0,0,False,(),,
2021/07/20/11:06:41.002606,9770,1626772002,676048040,,22.3824996948,0.484472006559,0.0,10.8436946869,0.0,0.0,0,0,0,False,(),,
2021/07/20/11:06:41.042482,9771,1626772002,715789079,,22.3824996948,0.484472006559,0.0,10.8436946869,0.0,0.0,0,0,0,False,(),,
2021/07/20/11:06:41.083155,9772,1626772002,756103992,,22.3824996948,0.491105079651,0.0,10.9921588898,0.0,0.0,0,0,0,False,(),,
2021/07/20/11:06:41.122907,9773,1626772002,796256065,,22.3824996948,0.49773812294,0.0,11.1406230927,0.0,0.0,0,0,0,False,(),,
2021/07/20/11:06:41.163137,9774,1626772002,835897922,,22.3824996948,0.491105079651,0.0,10.9921588898,0.0,0.0,0,0,0,False,(),,
2021/07/20/11:06:41.203283,9775,1626772002,875953912,,22.3608398438,0.484472006559,0.0,10.8332014084,0.0,0.0,0,0,0,False,(),,
2021/07/20/11:06:41.242543,9776,1626772002,915889024,,22.3824996948,0.491105079651,0.0,10.9921588898,0.0,0.0,0,0,0,False,(),,
2021/07/20/11:06:41.284673,9777,1626772002,955900907,,22.3824996948,0.47783896327,0.0,10.695230484,0.0,0.0,0,0,0,False,(),,
2021/07/20/11:06:41.322708,9778,1626772002,995893955,,22.3824996948,0.484472006559,0.0,10.8436946869,0.0,0.0,0,0,0,False,(),,
2021/07/20/11:06:41.362121,9779,1626772003,35988092,,22.3824996948,0.491105079651,0.0,10.9921588898,0.0,0.0,0,0,0,False,(),,
2021/07/20/11:06:41.402452,9780,1626772003,76210021,,22.3824996948,0.484472006559,0.0,10.8436946869,0.0,0.0,0,0,0,False,(),,
2021/07/20/11:06:41.442030,9781,1626772003,115868091,,22.3824996948,0.484472006559,0.0,10.8436946869,0.0,0.0,0,0,0,False,(),,
2021/07/20/11:06:41.482256,9782,1626772003,155769109,,22.3608398438,0.484472006559,0.0,10.8332014084,0.0,0.0,0,0,0,False,(),,
2021/07/20/11:06:41.523251,9783,1626772003,196011066,,22.3824996948,0.49773812294,0.0,11.1406230927,0.0,0.0,0,0,0,False,(),,
2021/07/20/11:06:41.562622,9784,1626772003,236196041,,22.3824996948,0.49773812294,0.0,11.1406230927,0.0,0.0,0,0,0,False,(),,
2021/07/20/11:06:41.603248,9785,1626772003,276087999,,22.3824996948,0.491105079651,0.0,10.9921588898,0.0,0.0,0,0,0,False,(),,
2021/07/20/11:06:41.641591,9786,1626772003,315767049,,22.3608398438,0.491105079651,0.0,10.9815216064,0.0,0.0,0,0,0,False,(),,
2021/07/20/11:06:41.683106,9787,1626772003,355880022,,22.3824996948,0.49773812294,0.0,11.1406230927,0.0,0.0,0,0,0,False,(),,
2021/07/20/11:06:41.722012,9788,1626772003,395663022,,22.3824996948,0.49773812294,0.0,11.1406230927,0.0,0.0,0,0,0,False,(),,
2021/07/20/11:06:41.930648,9789,1626772003,435916900,,22.3824996948,0.47783896327,0.0,10.695230484,0.0,0.0,0,0,0,False,(),,
2021/07/20/11:06:41.930667,9790,1626772003,476090908,,22.3608398438,0.47783896327,0.0,10.6848802567,0.0,0.0,0,0,0,False,(),,
2021/07/20/11:06:41.930678,9791,1626772003,515552043,,22.3824996948,0.484472006559,0.0,10.8436946869,0.0,0.0,0,0,0,False,(),,
2021/07/20/11:06:41.930686,9792,1626772003,555924892,,22.3824996948,0.47783896327,0.0,10.695230484,0.0,0.0,0,0,0,False,(),,
2021/07/20/11:06:41.930699,9793,1626772003,595712900,,22.3824996948,0.484472006559,0.0,10.8436946869,0.0,0.0,0,0,0,False,(),,
2021/07/20/11:06:41.962173,9794,1626772003,635685920,,22.3824996948,0.491105079651,0.0,10.9921588898,0.0,0.0,0,0,0,False,(),,
2021/07/20/11:06:42.001899,9795,1626772003,675769090,,22.3824996948,0.484472006559,0.0,10.8436946869,0.0,0.0,0,0,0,False,(),,
2021/07/20/11:06:42.042619,9796,1626772003,716119050,,22.3824996948,0.484472006559,0.0,10.8436946869,0.0,0.0,0,0,0,False,(),,
2021/07/20/11:06:42.082769,9797,1626772003,755805015,,22.3608398438,0.484472006559,0.0,10.8332014084,0.0,0.0,0,0,0,False,(),,
2021/07/20/11:06:42.124156,9798,1626772003,796030998,,22.3824996948,0.49773812294,0.0,11.1406230927,0.0,0.0,0,0,0,False,(),,
2021/07/20/11:06:42.162591,9799,1626772003,836007118,,22.3824996948,0.49773812294,0.0,11.1406230927,0.0,0.0,0,0,0,False,(),,
2021/07/20/11:06:42.202917,9800,1626772003,875979900,,22.3824996948,0.47783896327,0.0,10.695230484,0.0,0.0,0,0,0,False,(),,
2021/07/20/11:06:42.242339,9801,1626772003,915772914,,22.3824996948,0.511004269123,0.0,11.4375524521,0.0,0.0,0,0,0,False,(),,
2021/07/20/11:06:42.281896,9802,1626772003,955682039,,22.3824996948,0.484472006559,0.0,10.8436946869,0.0,0.0,0,0,0,False,(),,
2021/07/20/11:06:42.322089,9803,1626772003,995851993,,22.3824996948,0.491105079651,0.0,10.9921588898,0.0,0.0,0,0,0,False,(),,
2021/07/20/11:06:42.362257,9804,1626772004,35718917,,22.3824996948,0.491105079651,0.0,10.9921588898,0.0,0.0,0,0,0,False,(),,
2021/07/20/11:06:42.402913,9805,1626772004,75768947,,22.3824996948,0.49773812294,0.0,11.1406230927,0.0,0.0,0,0,0,False,(),,
2021/07/20/11:06:42.442550,9806,1626772004,115876913,,22.3824996948,0.504371166229,0.0,11.2890882492,0.0,0.0,0,0,0,False,(),,
2021/07/20/11:06:42.482962,9807,1626772004,155962944,,22.3608398438,0.491105079651,0.0,10.9815216064,0.0,0.0,0,0,0,False,(),,
2021/07/20/11:06:42.527621,9808,1626772004,195971965,,22.3824996948,0.491105079651,0.0,10.9921588898,0.0,0.0,0,0,0,False,(),,
2021/07/20/11:06:42.562151,9809,1626772004,235949039,,22.3608398438,0.49773812294,0.0,11.1298427582,0.0,0.0,0,0,0,False,(),,
2021/07/20/11:06:42.602231,9810,1626772004,275818109,,22.3824996948,0.491105079651,0.0,10.9921588898,0.0,0.0,0,0,0,False,(),,
2021/07/20/11:06:42.643004,9811,1626772004,315680980,,22.3824996948,0.504371166229,0.0,11.2890882492,0.0,0.0,0,0,0,False,(),,
2021/07/20/11:06:42.683190,9812,1626772004,355987071,,22.3824996948,0.484472006559,0.0,10.8436946869,0.0,0.0,0,0,0,False,(),,
2021/07/20/11:06:42.722409,9813,1626772004,395920038,,22.3824996948,0.491105079651,0.0,10.9921588898,0.0,0.0,0,0,0,False,(),,
2021/07/20/11:06:42.935234,9814,1626772004,435919046,,22.3824996948,0.491105079651,0.0,10.9921588898,0.0,0.0,0,0,0,False,(),,
2021/07/20/11:06:42.935242,9815,1626772004,475894927,,22.3608398438,0.471205890179,0.0,10.5365600586,0.0,0.0,0,0,0,False,(),,
2021/07/20/11:06:42.935256,9816,1626772004,515619039,,22.3824996948,0.47783896327,0.0,10.695230484,0.0,0.0,0,0,0,False,(),,
2021/07/20/11:06:42.935276,9817,1626772004,556080102,,22.3824996948,0.484472006559,0.0,10.8436946869,0.0,0.0,0,0,0,False,(),,
2021/07/20/11:06:42.935332,9818,1626772004,595668077,,22.3824996948,0.484472006559,0.0,10.8436946869,0.0,0.0,0,0,0,False,(),,
2021/07/20/11:06:42.962431,9819,1626772004,635998964,,22.3824996948,0.49773812294,0.0,11.1406230927,0.0,0.0,0,0,0,False,(),,
2021/07/20/11:06:43.003193,9820,1626772004,676141023,,22.3824996948,0.491105079651,0.0,10.9921588898,0.0,0.0,0,0,0,False,(),,
2021/07/20/11:06:43.046893,9821,1626772004,715954065,,22.3824996948,0.49773812294,0.0,11.1406230927,0.0,0.0,0,0,0,False,(),,
2021/07/20/11:06:43.082766,9822,1626772004,755763053,,22.3608398438,0.491105079651,0.0,10.9815216064,0.0,0.0,0,0,0,False,(),,
2021/07/20/11:06:43.123909,9823,1626772004,795805931,,22.3824996948,0.484472006559,0.0,10.8436946869,0.0,0.0,0,0,0,False,(),,
2021/07/20/11:06:43.162674,9824,1626772004,836288928,,22.3824996948,0.49773812294,0.0,11.1406230927,0.0,0.0,0,0,0,False,(),,
2021/07/20/11:06:43.202263,9825,1626772004,876292943,,22.3824996948,0.49773812294,0.0,11.1406230927,0.0,0.0,0,0,0,False,(),,
2021/07/20/11:06:43.242390,9826,1626772004,915898084,,22.3824996948,0.49773812294,0.0,11.1406230927,0.0,0.0,0,0,0,False,(),,
2021/07/20/11:06:43.282583,9827,1626772004,955948114,,22.3824996948,0.484472006559,0.0,10.8436946869,0.0,0.0,0,0,0,False,(),,
2021/07/20/11:06:43.323157,9828,1626772004,996073961,,22.3824996948,0.484472006559,0.0,10.8436946869,0.0,0.0,0,0,0,False,(),,
2021/07/20/11:06:43.362936,9829,1626772005,35792112,,22.3824996948,0.484472006559,0.0,10.8436946869,0.0,0.0,0,0,0,False,(),,
2021/07/20/11:06:43.402551,9830,1626772005,76091051,,22.3824996948,0.484472006559,0.0,10.8436946869,0.0,0.0,0,0,0,False,(),,
2021/07/20/11:06:43.471328,9831,1626772005,115875959,,22.3824996948,0.484472006559,0.0,10.8436946869,0.0,0.0,0,0,0,False,(),,
2021/07/20/11:06:43.482264,9832,1626772005,155755996,,22.3824996948,0.491105079651,0.0,10.9921588898,0.0,0.0,0,0,0,False,(),,
2021/07/20/11:06:43.521567,9833,1626772005,196038007,,22.3824996948,0.484472006559,0.0,10.8436946869,0.0,0.0,0,0,0,False,(),,
2021/07/20/11:06:43.562926,9834,1626772005,235781908,,22.3824996948,0.484472006559,0.0,10.8436946869,0.0,0.0,0,0,0,False,(),,
2021/07/20/11:06:43.602021,9835,1626772005,276002883,,22.3824996948,0.484472006559,0.0,10.8436946869,0.0,0.0,0,0,0,False,(),,
2021/07/20/11:06:43.642741,9836,1626772005,316015958,,22.3824996948,0.491105079651,0.0,10.9921588898,0.0,0.0,0,0,0,False,(),,
2021/07/20/11:06:43.683350,9837,1626772005,356101036,,22.3608398438,0.484472006559,0.0,10.8332014084,0.0,0.0,0,0,0,False,(),,
2021/07/20/11:06:43.722055,9838,1626772005,396059036,,22.3824996948,0.491105079651,0.0,10.9921588898,0.0,0.0,0,0,0,False,(),,
2021/07/20/11:06:43.908579,9839,1626772005,435614109,,22.3824996948,0.484472006559,0.0,10.8436946869,0.0,0.0,0,0,0,False,(),,
2021/07/20/11:06:43.908593,9840,1626772005,475997924,,22.3608398438,0.484472006559,0.0,10.8332014084,0.0,0.0,0,0,0,False,(),,
2021/07/20/11:06:43.908602,9841,1626772005,515952110,,22.3824996948,0.484472006559,0.0,10.8436946869,0.0,0.0,0,0,0,False,(),,
2021/07/20/11:06:43.908607,9842,1626772005,555433034,,22.3608398438,0.47783896327,0.0,10.6848802567,0.0,0.0,0,0,0,False,(),,
2021/07/20/11:06:43.921638,9843,1626772005,595474004,,22.3824996948,0.484472006559,0.0,10.8436946869,0.0,0.0,0,0,0,False,(),,
2021/07/20/11:06:43.962421,9844,1626772005,635577917,,22.3608398438,0.491105079651,0.0,10.9815216064,0.0,0.0,0,0,0,False,(),,
2021/07/20/11:06:44.002652,9845,1626772005,675735950,,22.3824996948,0.47783896327,0.0,10.695230484,0.0,0.0,0,0,0,False,(),,
2021/07/20/11:06:44.044674,9846,1626772005,716175079,,22.3824996948,0.49773812294,0.0,11.1406230927,0.0,0.0,0,0,0,False,(),,
2021/07/20/11:06:44.082605,9847,1626772005,755983114,,22.3824996948,0.49773812294,0.0,11.1406230927,0.0,0.0,0,0,0,False,(),,
2021/07/20/11:06:44.122208,9848,1626772005,796049118,,22.3608398438,0.491105079651,0.0,10.9815216064,0.0,0.0,0,0,0,False,(),,
2021/07/20/11:06:44.162910,9849,1626772005,836019039,,22.3824996948,0.484472006559,0.0,10.8436946869,0.0,0.0,0,0,0,False,(),,
2021/07/20/11:06:44.201746,9850,1626772005,875798940,,22.3824996948,0.484472006559,0.0,10.8436946869,0.0,0.0,0,0,0,False,(),,
2021/07/20/11:06:44.254466,9851,1626772005,915568113,,22.3824996948,0.491105079651,0.0,10.9921588898,0.0,0.0,0,0,0,False,(),,
2021/07/20/11:06:44.282776,9852,1626772005,955899953,,22.3824996948,0.504371166229,0.0,11.2890882492,0.0,0.0,0,0,0,False,(),,
2021/07/20/11:06:44.322981,9853,1626772005,995949029,,22.3824996948,0.484472006559,0.0,10.8436946869,0.0,0.0,0,0,0,False,(),,
2021/07/20/11:06:44.361752,9854,1626772006,35850048,,22.3608398438,0.484472006559,0.0,10.8332014084,0.0,0.0,0,0,0,False,(),,
2021/07/20/11:06:44.401705,9855,1626772006,75797080,,22.3608398438,0.491105079651,0.0,10.9815216064,0.0,0.0,0,0,0,False,(),,
2021/07/20/11:06:44.441777,9856,1626772006,115580081,,22.3608398438,0.484472006559,0.0,10.8332014084,0.0,0.0,0,0,0,False,(),,
2021/07/20/11:06:44.482335,9857,1626772006,156085014,,22.3824996948,0.491105079651,0.0,10.9921588898,0.0,0.0,0,0,0,False,(),,
2021/07/20/11:06:44.523072,9858,1626772006,196158885,,22.3824996948,0.491105079651,0.0,10.9921588898,0.0,0.0,0,0,0,False,(),,
2021/07/20/11:06:44.563244,9859,1626772006,235795974,,22.3824996948,0.484472006559,0.0,10.8436946869,0.0,0.0,0,0,0,False,(),,
2021/07/20/11:06:44.602119,9860,1626772006,275964975,,22.3824996948,0.47783896327,0.0,10.695230484,0.0,0.0,0,0,0,False,(),,
2021/07/20/11:06:44.642889,9861,1626772006,315668106,,22.3824996948,0.491105079651,0.0,10.9921588898,0.0,0.0,0,0,0,False,(),,
2021/07/20/11:06:44.683424,9862,1626772006,356367111,,22.3824996948,0.491105079651,0.0,10.9921588898,0.0,0.0,0,0,0,False,(),,
2021/07/20/11:06:44.721910,9863,1626772006,395977973,,22.3824996948,0.484472006559,0.0,10.8436946869,0.0,0.0,0,0,0,False,(),,
2021/07/20/11:06:44.928503,9864,1626772006,435868024,,22.3824996948,0.484472006559,0.0,10.8436946869,0.0,0.0,0,0,0,False,(),,
2021/07/20/11:06:44.928523,9865,1626772006,475996971,,22.3824996948,0.47783896327,0.0,10.695230484,0.0,0.0,0,0,0,False,(),,
2021/07/20/11:06:44.928526,9866,1626772006,515707969,,22.3608398438,0.484472006559,0.0,10.8332014084,0.0,0.0,0,0,0,False,(),,
2021/07/20/11:06:44.928569,9867,1626772006,555742025,,22.3824996948,0.491105079651,0.0,10.9921588898,0.0,0.0,0,0,0,False,(),,
2021/07/20/11:06:44.928583,9868,1626772006,596025943,,22.3824996948,0.491105079651,0.0,10.9921588898,0.0,0.0,0,0,0,False,(),,
2021/07/20/11:06:44.963094,9869,1626772006,635801076,,22.3824996948,0.49773812294,0.0,11.1406230927,0.0,0.0,0,0,0,False,(),,
2021/07/20/11:06:45.002529,9870,1626772006,676079988,,22.3824996948,0.484472006559,0.0,10.8436946869,0.0,0.0,0,0,0,False,(),,
2021/07/20/11:06:45.042559,9871,1626772006,715848922,,22.3608398438,0.484472006559,0.0,10.8332014084,0.0,0.0,0,0,0,False,(),,
2021/07/20/11:06:45.082291,9872,1626772006,755705118,,22.3824996948,0.47783896327,0.0,10.695230484,0.0,0.0,0,0,0,False,(),,
2021/07/20/11:06:45.123086,9873,1626772006,795936107,,22.3824996948,0.491105079651,0.0,10.9921588898,0.0,0.0,0,0,0,False,(),,
2021/07/20/11:06:45.168539,9874,1626772006,835685014,,22.3608398438,0.471205890179,0.0,10.5365600586,0.0,0.0,0,0,0,False,(),,
2021/07/20/11:06:45.202422,9875,1626772006,876080036,,22.3824996948,0.47783896327,0.0,10.695230484,0.0,0.0,0,0,0,False,(),,
2021/07/20/11:06:45.241932,9876,1626772006,916090011,,22.3824996948,0.484472006559,0.0,10.8436946869,0.0,0.0,0,0,0,False,(),,
2021/07/20/11:06:45.282102,9877,1626772006,955879926,,22.3824996948,0.491105079651,0.0,10.9921588898,0.0,0.0,0,0,0,False,(),,
2021/07/20/11:06:45.321326,9878,1626772006,995913982,,22.3824996948,0.471205890179,0.0,10.5467653275,0.0,0.0,0,0,0,False,(),,
2021/07/20/11:06:45.362181,9879,1626772007,35574913,,22.3824996948,0.484472006559,0.0,10.8436946869,0.0,0.0,0,0,0,False,(),,
2021/07/20/11:06:45.402938,9880,1626772007,75953960,,22.3824996948,0.484472006559,0.0,10.8436946869,0.0,0.0,0,0,0,False,(),,
2021/07/20/11:06:45.445375,9881,1626772007,116230010,,22.3824996948,0.484472006559,0.0,10.8436946869,0.0,0.0,0,0,0,False,(),,
2021/07/20/11:06:45.483244,9882,1626772007,155956029,,22.3824996948,0.484472006559,0.0,10.8436946869,0.0,0.0,0,0,0,False,(),,
2021/07/20/11:06:45.521858,9883,1626772007,195739030,,22.3824996948,0.484472006559,0.0,10.8436946869,0.0,0.0,0,0,0,False,(),,
2021/07/20/11:06:45.565378,9884,1626772007,235627889,,22.3824996948,0.491105079651,0.0,10.9921588898,0.0,0.0,0,0,0,False,(),,
2021/07/20/11:06:45.604199,9885,1626772007,275847911,,22.3824996948,0.484472006559,0.0,10.8436946869,0.0,0.0,0,0,0,False,(),,
2021/07/20/11:06:45.642175,9886,1626772007,315746068,,22.3824996948,0.484472006559,0.0,10.8436946869,0.0,0.0,0,0,0,False,(),,
2021/07/20/11:06:45.682907,9887,1626772007,356240987,,22.3824996948,0.491105079651,0.0,10.9921588898,0.0,0.0,0,0,0,False,(),,
2021/07/20/11:06:45.722465,9888,1626772007,396008968,,22.3824996948,0.484472006559,0.0,10.8436946869,0.0,0.0,0,0,0,False,(),,
2021/07/20/11:06:45.933085,9889,1626772007,435760021,,22.3824996948,0.484472006559,0.0,10.8436946869,0.0,0.0,0,0,0,False,(),,
2021/07/20/11:06:45.933105,9890,1626772007,475706100,,22.3824996948,0.484472006559,0.0,10.8436946869,0.0,0.0,0,0,0,False,(),,
2021/07/20/11:06:45.933118,9891,1626772007,515763044,,22.3824996948,0.47783896327,0.0,10.695230484,0.0,0.0,0,0,0,False,(),,
2021/07/20/11:06:45.933125,9892,1626772007,555758953,,22.3824996948,0.484472006559,0.0,10.8436946869,0.0,0.0,0,0,0,False,(),,
2021/07/20/11:06:45.933133,9893,1626772007,595756053,,22.3824996948,0.47783896327,0.0,10.695230484,0.0,0.0,0,0,0,False,(),,
2021/07/20/11:06:46.015883,9894,1626772007,635607957,,22.3824996948,0.491105079651,0.0,10.9921588898,0.0,0.0,0,0,0,False,(),,
2021/07/20/11:06:46.015893,9895,1626772007,676009893,,22.3608398438,0.484472006559,0.0,10.8332014084,0.0,0.0,0,0,0,False,(),,
2021/07/20/11:06:46.042331,9896,1626772007,716022968,,22.3824996948,0.491105079651,0.0,10.9921588898,0.0,0.0,0,0,0,False,(),,
2021/07/20/11:06:46.082634,9897,1626772007,755949974,,22.3608398438,0.47783896327,0.0,10.6848802567,0.0,0.0,0,0,0,False,(),,
2021/07/20/11:06:46.121888,9898,1626772007,795917987,,22.3824996948,0.484472006559,0.0,10.8436946869,0.0,0.0,0,0,0,False,(),,
2021/07/20/11:06:46.163143,9899,1626772007,835793972,,22.3824996948,0.47783896327,0.0,10.695230484,0.0,0.0,0,0,0,False,(),,
2021/07/20/11:06:46.202894,9900,1626772007,875593900,,22.3608398438,0.47783896327,0.0,10.6848802567,0.0,0.0,0,0,0,False,(),,
2021/07/20/11:06:46.242097,9901,1626772007,915679931,,22.3824996948,0.491105079651,0.0,10.9921588898,0.0,0.0,0,0,0,False,(),,
2021/07/20/11:06:46.282322,9902,1626772007,955970048,,22.3824996948,0.491105079651,0.0,10.9921588898,0.0,0.0,0,0,0,False,(),,
2021/07/20/11:06:46.322785,9903,1626772007,995980024,,22.3608398438,0.491105079651,0.0,10.9815216064,0.0,0.0,0,0,0,False,(),,
2021/07/20/11:06:46.362959,9904,1626772008,36041975,,22.3824996948,0.47783896327,0.0,10.695230484,0.0,0.0,0,0,0,False,(),,
2021/07/20/11:06:46.401534,9905,1626772008,75824975,,22.3824996948,0.47783896327,0.0,10.695230484,0.0,0.0,0,0,0,False,(),,
2021/07/20/11:06:46.442966,9906,1626772008,115799903,,22.3824996948,0.484472006559,0.0,10.8436946869,0.0,0.0,0,0,0,False,(),,
2021/07/20/11:06:46.482848,9907,1626772008,156060934,,22.3824996948,0.491105079651,0.0,10.9921588898,0.0,0.0,0,0,0,False,(),,
2021/07/20/11:06:46.522441,9908,1626772008,195818901,,22.3824996948,0.484472006559,0.0,10.8436946869,0.0,0.0,0,0,0,False,(),,
2021/07/20/11:06:46.562619,9909,1626772008,235738039,,22.3824996948,0.484472006559,0.0,10.8436946869,0.0,0.0,0,0,0,False,(),,
2021/07/20/11:06:46.605121,9910,1626772008,275738954,,22.3824996948,0.491105079651,0.0,10.9921588898,0.0,0.0,0,0,0,False,(),,
2021/07/20/11:06:46.642596,9911,1626772008,315948009,,22.3824996948,0.49773812294,0.0,11.1406230927,0.0,0.0,0,0,0,False,(),,
2021/07/20/11:06:46.682773,9912,1626772008,355881929,,22.3824996948,0.47783896327,0.0,10.695230484,0.0,0.0,0,0,0,False,(),,
2021/07/20/11:06:46.730390,9913,1626772008,396012067,,22.3824996948,0.491105079651,0.0,10.9921588898,0.0,0.0,0,0,0,False,(),,
2021/07/20/11:06:46.929091,9914,1626772008,435797929,,22.3608398438,0.47783896327,0.0,10.6848802567,0.0,0.0,0,0,0,False,(),,
2021/07/20/11:06:46.929104,9915,1626772008,475739002,,22.3824996948,0.484472006559,0.0,10.8436946869,0.0,0.0,0,0,0,False,(),,
2021/07/20/11:06:46.929114,9916,1626772008,515671014,,22.3824996948,0.491105079651,0.0,10.9921588898,0.0,0.0,0,0,0,False,(),,
2021/07/20/11:06:46.929121,9917,1626772008,555975914,,22.3824996948,0.47783896327,0.0,10.695230484,0.0,0.0,0,0,0,False,(),,
2021/07/20/11:06:46.929126,9918,1626772008,595961093,,22.3824996948,0.491105079651,0.0,10.9921588898,0.0,0.0,0,0,0,False,(),,
2021/07/20/11:06:46.961622,9919,1626772008,635968923,,22.3824996948,0.49773812294,0.0,11.1406230927,0.0,0.0,0,0,0,False,(),,
2021/07/20/11:06:47.001702,9920,1626772008,675728082,,22.3824996948,0.484472006559,0.0,10.8436946869,0.0,0.0,0,0,0,False,(),,
2021/07/20/11:06:47.041725,9921,1626772008,715886116,,22.3824996948,0.484472006559,0.0,10.8436946869,0.0,0.0,0,0,0,False,(),,
2021/07/20/11:06:47.083636,9922,1626772008,756023883,,22.3824996948,0.491105079651,0.0,10.9921588898,0.0,0.0,0,0,0,False,(),,
2021/07/20/11:06:47.122886,9923,1626772008,795670986,,22.3824996948,0.491105079651,0.0,10.9921588898,0.0,0.0,0,0,0,False,(),,
2021/07/20/11:06:47.162607,9924,1626772008,835892915,,22.3824996948,0.484472006559,0.0,10.8436946869,0.0,0.0,0,0,0,False,(),,
2021/07/20/11:06:47.202224,9925,1626772008,875904083,,22.3824996948,0.491105079651,0.0,10.9921588898,0.0,0.0,0,0,0,False,(),,
2021/07/20/11:06:47.242504,9926,1626772008,916065931,,22.3608398438,0.491105079651,0.0,10.9815216064,0.0,0.0,0,0,0,False,(),,
2021/07/20/11:06:47.281735,9927,1626772008,955879926,,22.3824996948,0.471205890179,0.0,10.5467653275,0.0,0.0,0,0,0,False,(),,
2021/07/20/11:06:47.321656,9928,1626772008,996073961,,22.3608398438,0.491105079651,0.0,10.9815216064,0.0,0.0,0,0,0,False,(),,
2021/07/20/11:06:47.362466,9929,1626772009,35557985,,22.3608398438,0.47783896327,0.0,10.6848802567,0.0,0.0,0,0,0,False,(),,
2021/07/20/11:06:47.402807,9930,1626772009,76050043,,22.3608398438,0.49773812294,0.0,11.1298427582,0.0,0.0,0,0,0,False,(),,
2021/07/20/11:06:47.441710,9931,1626772009,116115093,,22.3824996948,0.49773812294,0.0,11.1406230927,0.0,0.0,0,0,0,False,(),,
2021/07/20/11:06:47.481767,9932,1626772009,156109094,,22.3824996948,0.484472006559,0.0,10.8436946869,0.0,0.0,0,0,0,False,(),,
2021/07/20/11:06:47.522446,9933,1626772009,195631980,,22.3824996948,0.484472006559,0.0,10.8436946869,0.0,0.0,0,0,0,False,(),,
2021/07/20/11:06:47.562381,9934,1626772009,235709905,,22.3824996948,0.491105079651,0.0,10.9921588898,0.0,0.0,0,0,0,False,(),,
2021/07/20/11:06:47.602868,9935,1626772009,276005029,,22.3824996948,0.491105079651,0.0,10.9921588898,0.0,0.0,0,0,0,False,(),,
2021/07/20/11:06:47.642574,9936,1626772009,315969944,,22.3824996948,0.484472006559,0.0,10.8436946869,0.0,0.0,0,0,0,False,(),,
2021/07/20/11:06:47.681565,9937,1626772009,355596065,,22.3608398438,0.491105079651,0.0,10.9815216064,0.0,0.0,0,0,0,False,(),,
2021/07/20/11:06:47.721436,9938,1626772009,395745038,,22.3824996948,0.484472006559,0.0,10.8436946869,0.0,0.0,0,0,0,False,(),,
2021/07/20/11:06:47.929273,9939,1626772009,435611963,,22.3824996948,0.47783896327,0.0,10.695230484,0.0,0.0,0,0,0,False,(),,
2021/07/20/11:06:47.929304,9940,1626772009,475759983,,22.3824996948,0.47783896327,0.0,10.695230484,0.0,0.0,0,0,0,False,(),,
2021/07/20/11:06:47.929313,9941,1626772009,516104936,,22.3824996948,0.491105079651,0.0,10.9921588898,0.0,0.0,0,0,0,False,(),,
2021/07/20/11:06:47.929318,9942,1626772009,555774927,,22.3824996948,0.47783896327,0.0,10.695230484,0.0,0.0,0,0,0,False,(),,
2021/07/20/11:06:47.929326,9943,1626772009,596045017,,22.3824996948,0.491105079651,0.0,10.9921588898,0.0,0.0,0,0,0,False,(),,
2021/07/20/11:06:47.962040,9944,1626772009,635472059,,22.3824996948,0.484472006559,0.0,10.8436946869,0.0,0.0,0,0,0,False,(),,
2021/07/20/11:06:48.004143,9945,1626772009,676294088,,22.3608398438,0.491105079651,0.0,10.9815216064,0.0,0.0,0,0,0,False,(),,
2021/07/20/11:06:48.048222,9946,1626772009,716049909,,22.3608398438,0.47783896327,0.0,10.6848802567,0.0,0.0,0,0,0,False,(),,
2021/07/20/11:06:48.082110,9947,1626772009,755942106,,22.3824996948,0.49773812294,0.0,11.1406230927,0.0,0.0,0,0,0,False,(),,
2021/07/20/11:06:48.122232,9948,1626772009,796025037,,22.3824996948,0.47783896327,0.0,10.695230484,0.0,0.0,0,0,0,False,(),,
2021/07/20/11:06:48.161782,9949,1626772009,835591077,,22.3824996948,0.49773812294,0.0,11.1406230927,0.0,0.0,0,0,0,False,(),,
2021/07/20/11:06:48.202544,9950,1626772009,876061916,,22.3824996948,0.491105079651,0.0,10.9921588898,0.0,0.0,0,0,0,False,(),,
2021/07/20/11:06:48.241181,9951,1626772009,915481090,,22.3824996948,0.484472006559,0.0,10.8436946869,0.0,0.0,0,0,0,False,(),,
2021/07/20/11:06:48.281948,9952,1626772009,955748081,,22.3608398438,0.504371166229,0.0,11.2781639099,0.0,0.0,0,0,0,False,(),,
2021/07/20/11:06:48.321657,9953,1626772009,995990991,,22.3824996948,0.484472006559,0.0,10.8436946869,0.0,0.0,0,0,0,False,(),,
2021/07/20/11:06:48.362176,9954,1626772010,35933971,,22.3824996948,0.484472006559,0.0,10.8436946869,0.0,0.0,0,0,0,False,(),,
2021/07/20/11:06:48.402874,9955,1626772010,76113939,,22.3824996948,0.471205890179,0.0,10.5467653275,0.0,0.0,0,0,0,False,(),,
2021/07/20/11:06:48.441554,9956,1626772010,115952014,,22.3608398438,0.47783896327,0.0,10.6848802567,0.0,0.0,0,0,0,False,(),,
2021/07/20/11:06:48.482674,9957,1626772010,155930995,,22.3824996948,0.47783896327,0.0,10.695230484,0.0,0.0,0,0,0,False,(),,
2021/07/20/11:06:48.521828,9958,1626772010,195960998,,22.3824996948,0.491105079651,0.0,10.9921588898,0.0,0.0,0,0,0,False,(),,
2021/07/20/11:06:48.564781,9959,1626772010,235737085,,22.3824996948,0.484472006559,0.0,10.8436946869,0.0,0.0,0,0,0,False,(),,
2021/07/20/11:06:48.604643,9960,1626772010,275754928,,22.3824996948,0.47783896327,0.0,10.695230484,0.0,0.0,0,0,0,False,(),,
2021/07/20/11:06:48.641711,9961,1626772010,315767049,,22.3824996948,0.47783896327,0.0,10.695230484,0.0,0.0,0,0,0,False,(),,
2021/07/20/11:06:48.683879,9962,1626772010,355990886,,22.3824996948,0.491105079651,0.0,10.9921588898,0.0,0.0,0,0,0,False,(),,
2021/07/20/11:06:48.723654,9963,1626772010,395936012,,22.3824996948,0.491105079651,0.0,10.9921588898,0.0,0.0,0,0,0,False,(),,
2021/07/20/11:06:48.932462,9964,1626772010,435869932,,22.3608398438,0.484472006559,0.0,10.8332014084,0.0,0.0,0,0,0,False,(),,
2021/07/20/11:06:48.932478,9965,1626772010,475384950,,22.3824996948,0.47783896327,0.0,10.695230484,0.0,0.0,0,0,0,False,(),,
2021/07/20/11:06:48.932487,9966,1626772010,515629053,,22.3824996948,0.484472006559,0.0,10.8436946869,0.0,0.0,0,0,0,False,(),,
2021/07/20/11:06:48.932495,9967,1626772010,556010961,,22.3824996948,0.47783896327,0.0,10.695230484,0.0,0.0,0,0,0,False,(),,
2021/07/20/11:06:48.932517,9968,1626772010,595678091,,22.3824996948,0.484472006559,0.0,10.8436946869,0.0,0.0,0,0,0,False,(),,
2021/07/20/11:06:48.980188,9969,1626772010,635921001,,22.3824996948,0.47783896327,0.0,10.695230484,0.0,0.0,0,0,0,False,(),,
2021/07/20/11:06:49.002733,9970,1626772010,675822019,,22.3824996948,0.484472006559,0.0,10.8436946869,0.0,0.0,0,0,0,False,(),,
2021/07/20/11:06:49.041233,9971,1626772010,715660095,,22.3824996948,0.484472006559,0.0,10.8436946869,0.0,0.0,0,0,0,False,(),,
2021/07/20/11:06:49.081942,9972,1626772010,755520105,,22.3824996948,0.47783896327,0.0,10.695230484,0.0,0.0,0,0,0,False,(),,
2021/07/20/11:06:49.123660,9973,1626772010,796307086,,22.3824996948,0.47783896327,0.0,10.695230484,0.0,0.0,0,0,0,False,(),,
2021/07/20/11:06:49.164582,9974,1626772010,835711002,,22.3608398438,0.484472006559,0.0,10.8332014084,0.0,0.0,0,0,0,False,(),,
2021/07/20/11:06:49.201750,9975,1626772010,876077890,,22.3824996948,0.471205890179,0.0,10.5467653275,0.0,0.0,0,0,0,False,(),,
2021/07/20/11:06:49.242180,9976,1626772010,916004896,,22.3824996948,0.47783896327,0.0,10.695230484,0.0,0.0,0,0,0,False,(),,
2021/07/20/11:06:49.284812,9977,1626772010,955935955,,22.3824996948,0.484472006559,0.0,10.8436946869,0.0,0.0,0,0,0,False,(),,
2021/07/20/11:06:49.321584,9978,1626772010,996006011,,22.3824996948,0.47783896327,0.0,10.695230484,0.0,0.0,0,0,0,False,(),,
2021/07/20/11:06:49.384506,9979,1626772011,35561084,,22.3824996948,0.47783896327,0.0,10.695230484,0.0,0.0,0,0,0,False,(),,
2021/07/20/11:06:49.402366,9980,1626772011,76175928,,22.3824996948,0.491105079651,0.0,10.9921588898,0.0,0.0,0,0,0,False,(),,
2021/07/20/11:06:49.441897,9981,1626772011,115978956,,22.3608398438,0.49773812294,0.0,11.1298427582,0.0,0.0,0,0,0,False,(),,
2021/07/20/11:06:49.481699,9982,1626772011,156014919,,22.3608398438,0.484472006559,0.0,10.8332014084,0.0,0.0,0,0,0,False,(),,
2021/07/20/11:06:49.522499,9983,1626772011,196106910,,22.3824996948,0.471205890179,0.0,10.5467653275,0.0,0.0,0,0,0,False,(),,
2021/07/20/11:06:49.561644,9984,1626772011,235909938,,22.3608398438,0.484472006559,0.0,10.8332014084,0.0,0.0,0,0,0,False,(),,
2021/07/20/11:06:49.601476,9985,1626772011,275769948,,22.3608398438,0.484472006559,0.0,10.8332014084,0.0,0.0,0,0,0,False,(),,
2021/07/20/11:06:49.644145,9986,1626772011,316636085,,22.3824996948,0.484472006559,0.0,10.8436946869,0.0,0.0,0,0,0,False,(),,
2021/07/20/11:06:49.682232,9987,1626772011,356209993,,22.3824996948,0.491105079651,0.0,10.9921588898,0.0,0.0,0,0,0,False,(),,
2021/07/20/11:06:49.722979,9988,1626772011,396337032,,22.3824996948,0.47783896327,0.0,10.695230484,0.0,0.0,0,0,0,False,(),,
2021/07/20/11:06:49.931914,9989,1626772011,435574054,,22.3824996948,0.491105079651,0.0,10.9921588898,0.0,0.0,0,0,0,False,(),,
2021/07/20/11:06:49.931930,9990,1626772011,475683927,,22.3824996948,0.484472006559,0.0,10.8436946869,0.0,0.0,0,0,0,False,(),,
2021/07/20/11:06:49.931940,9991,1626772011,515655994,,22.3608398438,0.484472006559,0.0,10.8332014084,0.0,0.0,0,0,0,False,(),,
2021/07/20/11:06:49.931962,9992,1626772011,555777072,,22.3608398438,0.484472006559,0.0,10.8332014084,0.0,0.0,0,0,0,False,(),,
2021/07/20/11:06:49.931984,9993,1626772011,596151113,,22.3824996948,0.484472006559,0.0,10.8436946869,0.0,0.0,0,0,0,False,(),,
2021/07/20/11:06:49.980313,9994,1626772011,635885000,,22.3608398438,0.491105079651,0.0,10.9815216064,0.0,0.0,0,0,0,False,(),,
2021/07/20/11:06:50.001886,9995,1626772011,675903081,,22.3824996948,0.491105079651,0.0,10.9921588898,0.0,0.0,0,0,0,False,(),,
2021/07/20/11:06:50.042522,9996,1626772011,715789079,,22.3824996948,0.491105079651,0.0,10.9921588898,0.0,0.0,0,0,0,False,(),,
2021/07/20/11:06:50.081298,9997,1626772011,755872964,,22.3824996948,0.471205890179,0.0,10.5467653275,0.0,0.0,0,0,0,False,(),,
2021/07/20/11:06:50.121576,9998,1626772011,795686006,,22.3608398438,0.47783896327,0.0,10.6848802567,0.0,0.0,0,0,0,False,(),,
2021/07/20/11:06:50.161210,9999,1626772011,835560083,,22.3824996948,0.484472006559,0.0,10.8436946869,0.0,0.0,0,0,0,False,(),,
2021/07/20/11:06:50.204527,10000,1626772011,876075983,,22.3824996948,0.484472006559,0.0,10.8436946869,0.0,0.0,0,0,0,False,(),,
2021/07/20/11:06:50.240793,10001,1626772011,915400981,,22.3824996948,0.491105079651,0.0,10.9921588898,0.0,0.0,0,0,0,False,(),,
2021/07/20/11:06:50.281185,10002,1626772011,955665111,,22.3824996948,0.491105079651,0.0,10.9921588898,0.0,0.0,0,0,0,False,(),,
2021/07/20/11:06:50.322270,10003,1626772011,995743036,,22.3608398438,0.491105079651,0.0,10.9815216064,0.0,0.0,0,0,0,False,(),,
2021/07/20/11:06:50.361351,10004,1626772012,35783052,,22.3824996948,0.491105079651,0.0,10.9921588898,0.0,0.0,0,0,0,False,(),,
2021/07/20/11:06:50.402483,10005,1626772012,76033115,,22.3824996948,0.484472006559,0.0,10.8436946869,0.0,0.0,0,0,0,False,(),,
2021/07/20/11:06:50.442442,10006,1626772012,116300106,,22.3824996948,0.47783896327,0.0,10.695230484,0.0,0.0,0,0,0,False,(),,
2021/07/20/11:06:50.481717,10007,1626772012,155741930,,22.3824996948,0.47783896327,0.0,10.695230484,0.0,0.0,0,0,0,False,(),,
2021/07/20/11:06:50.521668,10008,1626772012,196151018,,22.3824996948,0.484472006559,0.0,10.8436946869,0.0,0.0,0,0,0,False,(),,
2021/07/20/11:06:50.565167,10009,1626772012,235583066,,22.3824996948,0.484472006559,0.0,10.8436946869,0.0,0.0,0,0,0,False,(),,
2021/07/20/11:06:50.605078,10010,1626772012,275947093,,22.3824996948,0.49773812294,0.0,11.1406230927,0.0,0.0,0,0,0,False,(),,
2021/07/20/11:06:50.641444,10011,1626772012,315989017,,22.3824996948,0.484472006559,0.0,10.8436946869,0.0,0.0,0,0,0,False,(),,
2021/07/20/11:06:50.681344,10012,1626772012,355914115,,22.3824996948,0.491105079651,0.0,10.9921588898,0.0,0.0,0,0,0,False,(),,
2021/07/20/11:06:50.724212,10013,1626772012,396029949,,22.3824996948,0.484472006559,0.0,10.8436946869,0.0,0.0,0,0,0,False,(),,
2021/07/20/11:06:50.925989,10014,1626772012,435708045,,22.3824996948,0.47783896327,0.0,10.695230484,0.0,0.0,0,0,0,False,(),,
2021/07/20/11:06:50.926003,10015,1626772012,475655078,,22.3824996948,0.47783896327,0.0,10.695230484,0.0,0.0,0,0,0,False,(),,
2021/07/20/11:06:50.926010,10016,1626772012,515657901,,22.3824996948,0.47783896327,0.0,10.695230484,0.0,0.0,0,0,0,False,(),,
2021/07/20/11:06:50.926017,10017,1626772012,555911064,,22.3824996948,0.47783896327,0.0,10.695230484,0.0,0.0,0,0,0,False,(),,
2021/07/20/11:06:50.926027,10018,1626772012,595980882,,22.3824996948,0.484472006559,0.0,10.8436946869,0.0,0.0,0,0,0,False,(),,
2021/07/20/11:06:50.961441,10019,1626772012,635679006,,22.3824996948,0.49773812294,0.0,11.1406230927,0.0,0.0,0,0,0,False,(),,
2021/07/20/11:06:51.001965,10020,1626772012,675658941,,22.3824996948,0.47783896327,0.0,10.695230484,0.0,0.0,0,0,0,False,(),,
2021/07/20/11:06:51.041706,10021,1626772012,715709924,,22.3824996948,0.484472006559,0.0,10.8436946869,0.0,0.0,0,0,0,False,(),,
2021/07/20/11:06:51.081676,10022,1626772012,755810976,,22.3824996948,0.484472006559,0.0,10.8436946869,0.0,0.0,0,0,0,False,(),,
2021/07/20/11:06:51.122917,10023,1626772012,795947074,,22.3824996948,0.491105079651,0.0,10.9921588898,0.0,0.0,0,0,0,False,(),,
2021/07/20/11:06:51.162123,10024,1626772012,835724115,,22.3608398438,0.47783896327,0.0,10.6848802567,0.0,0.0,0,0,0,False,(),,
2021/07/20/11:06:51.202431,10025,1626772012,875798940,,22.3824996948,0.484472006559,0.0,10.8436946869,0.0,0.0,0,0,0,False,(),,
2021/07/20/11:06:51.245519,10026,1626772012,916119098,,22.3824996948,0.484472006559,0.0,10.8436946869,0.0,0.0,0,0,0,False,(),,
2021/07/20/11:06:51.282459,10027,1626772012,955940008,,22.3608398438,0.47783896327,0.0,10.6848802567,0.0,0.0,0,0,0,False,(),,
2021/07/20/11:06:51.321911,10028,1626772012,995970964,,22.3824996948,0.47783896327,0.0,10.695230484,0.0,0.0,0,0,0,False,(),,
2021/07/20/11:06:51.362471,10029,1626772013,35743951,,22.3824996948,0.484472006559,0.0,10.8436946869,0.0,0.0,0,0,0,False,(),,
2021/07/20/11:06:51.401536,10030,1626772013,76009035,,22.3824996948,0.484472006559,0.0,10.8436946869,0.0,0.0,0,0,0,False,(),,
2021/07/20/11:06:51.441385,10031,1626772013,115660905,,22.3824996948,0.484472006559,0.0,10.8436946869,0.0,0.0,0,0,0,False,(),,
2021/07/20/11:06:51.481537,10032,1626772013,155854940,,22.3608398438,0.491105079651,0.0,10.9815216064,0.0,0.0,0,0,0,False,(),,
2021/07/20/11:06:51.522452,10033,1626772013,195801973,,22.3824996948,0.47783896327,0.0,10.695230484,0.0,0.0,0,0,0,False,(),,
2021/07/20/11:06:51.562299,10034,1626772013,235898017,,22.3824996948,0.484472006559,0.0,10.8436946869,0.0,0.0,0,0,0,False,(),,
2021/07/20/11:06:51.602443,10035,1626772013,276001930,,22.3608398438,0.47783896327,0.0,10.6848802567,0.0,0.0,0,0,0,False,(),,
2021/07/20/11:06:51.642166,10036,1626772013,315911054,,22.3608398438,0.47783896327,0.0,10.6848802567,0.0,0.0,0,0,0,False,(),,
2021/07/20/11:06:51.684019,10037,1626772013,355804920,,22.3824996948,0.484472006559,0.0,10.8436946869,0.0,0.0,0,0,0,False,(),,
2021/07/20/11:06:51.722031,10038,1626772013,395657062,,22.3824996948,0.47783896327,0.0,10.695230484,0.0,0.0,0,0,0,False,(),,
2021/07/20/11:06:51.926329,10039,1626772013,435611009,,22.3824996948,0.47783896327,0.0,10.695230484,0.0,0.0,0,0,0,False,(),,
2021/07/20/11:06:51.926336,10040,1626772013,475837945,,22.3824996948,0.47783896327,0.0,10.695230484,0.0,0.0,0,0,0,False,(),,
2021/07/20/11:06:51.926342,10041,1626772013,515952110,,22.3824996948,0.484472006559,0.0,10.8436946869,0.0,0.0,0,0,0,False,(),,
2021/07/20/11:06:51.926355,10042,1626772013,555821895,,22.3824996948,0.471205890179,0.0,10.5467653275,0.0,0.0,0,0,0,False,(),,
2021/07/20/11:06:51.926363,10043,1626772013,595980882,,22.3824996948,0.47783896327,0.0,10.695230484,0.0,0.0,0,0,0,False,(),,
2021/07/20/11:06:51.961299,10044,1626772013,635566949,,22.3824996948,0.491105079651,0.0,10.9921588898,0.0,0.0,0,0,0,False,(),,
2021/07/20/11:06:52.002315,10045,1626772013,675997018,,22.3824996948,0.371710002422,0.0,8.31979846954,0.0,0.0,0,0,0,False,(),,
2021/07/20/11:06:52.042476,10046,1626772013,716068983,,22.3824996948,0.3186455369,0.0,7.13208341599,0.0,0.0,0,0,0,False,(),,
2021/07/20/11:06:52.082627,10047,1626772013,756408929,,22.3824996948,0.325278580189,0.0,7.28054761887,0.0,0.0,0,0,0,False,(),,
2021/07/20/11:06:52.121245,10048,1626772013,795964956,,22.3824996948,0.325278580189,0.0,7.28054761887,0.0,0.0,0,0,0,False,(),,
2021/07/20/11:06:52.162308,10049,1626772013,835724115,,22.3824996948,0.3186455369,0.0,7.13208341599,0.0,0.0,0,0,0,False,(),,
2021/07/20/11:06:52.207797,10050,1626772013,875920057,,22.3608398438,0.325278580189,0.0,7.27350282669,0.0,0.0,0,0,0,False,(),,
2021/07/20/11:06:52.242589,10051,1626772013,916080951,,22.3824996948,0.325278580189,0.0,7.28054761887,0.0,0.0,0,0,0,False,(),,
2021/07/20/11:06:52.282072,10052,1626772013,955949068,,22.3824996948,0.325278580189,0.0,7.28054761887,0.0,0.0,0,0,0,False,(),,
2021/07/20/11:06:52.322509,10053,1626772013,996105909,,22.3824996948,0.325278580189,0.0,7.28054761887,0.0,0.0,0,0,0,False,(),,
2021/07/20/11:06:52.363763,10054,1626772014,35583019,,22.3824996948,0.312012463808,0.0,6.98361873627,0.0,0.0,0,0,0,False,(),,
2021/07/20/11:06:52.401713,10055,1626772014,75875997,,22.3824996948,0.3186455369,0.0,7.13208341599,0.0,0.0,0,0,0,False,(),,
2021/07/20/11:06:52.442381,10056,1626772014,116025924,,22.3824996948,0.33191165328,0.0,7.42901229858,0.0,0.0,0,0,0,False,(),,
2021/07/20/11:06:52.482043,10057,1626772014,155971050,,22.3824996948,0.325278580189,0.0,7.28054761887,0.0,0.0,0,0,0,False,(),,
2021/07/20/11:06:52.522447,10058,1626772014,195950984,,22.3824996948,0.312012463808,0.0,6.98361873627,0.0,0.0,0,0,0,False,(),,
2021/07/20/11:06:52.562683,10059,1626772014,235739946,,22.3824996948,0.325278580189,0.0,7.28054761887,0.0,0.0,0,0,0,False,(),,
2021/07/20/11:06:52.601303,10060,1626772014,275824069,,22.3824996948,0.325278580189,0.0,7.28054761887,0.0,0.0,0,0,0,False,(),,
2021/07/20/11:06:52.641943,10061,1626772014,315618038,,22.3824996948,0.325278580189,0.0,7.28054761887,0.0,0.0,0,0,0,False,(),,
2021/07/20/11:06:52.682417,10062,1626772014,355952978,,22.3824996948,0.312012463808,0.0,6.98361873627,0.0,0.0,0,0,0,False,(),,
2021/07/20/11:06:52.721648,10063,1626772014,395682096,,22.3824996948,0.325278580189,0.0,7.28054761887,0.0,0.0,0,0,0,False,(),,
2021/07/20/11:06:52.922229,10064,1626772014,435867071,,22.3824996948,0.3186455369,0.0,7.13208341599,0.0,0.0,0,0,0,False,(),,
2021/07/20/11:06:52.922246,10065,1626772014,475929021,,22.3824996948,0.312012463808,0.0,6.98361873627,0.0,0.0,0,0,0,False,(),,
2021/07/20/11:06:52.922252,10066,1626772014,515861034,,22.3824996948,0.312012463808,0.0,6.98361873627,0.0,0.0,0,0,0,False,(),,
2021/07/20/11:06:52.922263,10067,1626772014,555895090,,22.3824996948,0.3186455369,0.0,7.13208341599,0.0,0.0,0,0,0,False,(),,
2021/07/20/11:06:52.922272,10068,1626772014,595999002,,22.3824996948,0.312012463808,0.0,6.98361873627,0.0,0.0,0,0,0,False,(),,
2021/07/20/11:06:52.961802,10069,1626772014,635590076,,22.3824996948,0.325278580189,0.0,7.28054761887,0.0,0.0,0,0,0,False,(),,
2021/07/20/11:06:53.001712,10070,1626772014,675880908,,22.3824996948,0.325278580189,0.0,7.28054761887,0.0,0.0,0,0,0,False,(),,
2021/07/20/11:06:53.041353,10071,1626772014,715893983,,22.3824996948,0.365076929331,0.0,8.17133426666,0.0,0.0,0,0,0,False,(),,
2021/07/20/11:06:53.082392,10072,1626772014,755784988,,22.3824996948,0.451306700706,0.0,10.1013727188,0.0,0.0,0,0,0,False,(),,
2021/07/20/11:06:53.121249,10073,1626772014,795857906,,22.3824996948,0.457939773798,0.0,10.2498369217,0.0,0.0,0,0,0,False,(),,
2021/07/20/11:06:53.161214,10074,1626772014,835613965,,22.3824996948,0.471205890179,0.0,10.5467653275,0.0,0.0,0,0,0,False,(),,
2021/07/20/11:06:53.201774,10075,1626772014,875793933,,22.3608398438,0.47783896327,0.0,10.6848802567,0.0,0.0,0,0,0,False,(),,
2021/07/20/11:06:53.241885,10076,1626772014,916088104,,22.3824996948,0.484472006559,0.0,10.8436946869,0.0,0.0,0,0,0,False,(),,
2021/07/20/11:06:53.282848,10077,1626772014,956001996,,22.3824996948,0.491105079651,0.0,10.9921588898,0.0,0.0,0,0,0,False,(),,
2021/07/20/11:06:53.322115,10078,1626772014,996073007,,22.3824996948,0.504371166229,0.0,11.2890882492,0.0,0.0,0,0,0,False,(),,
2021/07/20/11:06:53.362252,10079,1626772015,35824060,,22.3608398438,0.491105079651,0.0,10.9815216064,0.0,0.0,0,0,0,False,(),,
2021/07/20/11:06:53.401707,10080,1626772015,75942993,,22.3824996948,0.491105079651,0.0,10.9921588898,0.0,0.0,0,0,0,False,(),,
2021/07/20/11:06:53.440981,10081,1626772015,116014003,,22.3608398438,0.49773812294,0.0,11.1298427582,0.0,0.0,0,0,0,False,(),,
2021/07/20/11:06:53.482255,10082,1626772015,155914068,,22.3824996948,0.491105079651,0.0,10.9921588898,0.0,0.0,0,0,0,False,(),,
2021/07/20/11:06:53.521963,10083,1626772015,196013927,,22.3824996948,0.491105079651,0.0,10.9921588898,0.0,0.0,0,0,0,False,(),,
2021/07/20/11:06:53.562040,10084,1626772015,235893964,,22.3824996948,0.491105079651,0.0,10.9921588898,0.0,0.0,0,0,0,False,(),,
2021/07/20/11:06:53.601466,10085,1626772015,275878906,,22.3824996948,0.504371166229,0.0,11.2890882492,0.0,0.0,0,0,0,False,(),,
2021/07/20/11:06:53.641847,10086,1626772015,315897941,,22.3824996948,0.47783896327,0.0,10.695230484,0.0,0.0,0,0,0,False,(),,
2021/07/20/11:06:53.683776,10087,1626772015,355911016,,22.3824996948,0.484472006559,0.0,10.8436946869,0.0,0.0,0,0,0,False,(),,
2021/07/20/11:06:53.721335,10088,1626772015,396023035,,22.3824996948,0.491105079651,0.0,10.9921588898,0.0,0.0,0,0,0,False,(),,
2021/07/20/11:06:53.912551,10089,1626772015,435626029,,22.3824996948,0.491105079651,0.0,10.9921588898,0.0,0.0,0,0,0,False,(),,
2021/07/20/11:06:53.912559,10090,1626772015,475755929,,22.3824996948,0.491105079651,0.0,10.9921588898,0.0,0.0,0,0,0,False,(),,
2021/07/20/11:06:53.912565,10091,1626772015,515894889,,22.3824996948,0.491105079651,0.0,10.9921588898,0.0,0.0,0,0,0,False,(),,
2021/07/20/11:06:53.912583,10092,1626772015,555895090,,22.3824996948,0.484472006559,0.0,10.8436946869,0.0,0.0,0,0,0,False,(),,
2021/07/20/11:06:53.921626,10093,1626772015,595690011,,22.3824996948,0.491105079651,0.0,10.9921588898,0.0,0.0,0,0,0,False,(),,
2021/07/20/11:06:53.961451,10094,1626772015,635642051,,22.3824996948,0.49773812294,0.0,11.1406230927,0.0,0.0,0,0,0,False,(),,
2021/07/20/11:06:54.002176,10095,1626772015,675635099,,22.3608398438,0.47783896327,0.0,10.6848802567,0.0,0.0,0,0,0,False,(),,
2021/07/20/11:06:54.041591,10096,1626772015,716016054,,22.3824996948,0.484472006559,0.0,10.8436946869,0.0,0.0,0,0,0,False,(),,
2021/07/20/11:06:54.086229,10097,1626772015,755844116,,22.3608398438,0.491105079651,0.0,10.9815216064,0.0,0.0,0,0,0,False,(),,
2021/07/20/11:06:54.122474,10098,1626772015,795953989,,22.3824996948,0.491105079651,0.0,10.9921588898,0.0,0.0,0,0,0,False,(),,
2021/07/20/11:06:54.161880,10099,1626772015,835969924,,22.3824996948,0.484472006559,0.0,10.8436946869,0.0,0.0,0,0,0,False,(),,
2021/07/20/11:06:54.201484,10100,1626772015,875756978,,22.3608398438,0.49773812294,0.0,11.1298427582,0.0,0.0,0,0,0,False,(),,
2021/07/20/11:06:54.242550,10101,1626772015,915903091,,22.3824996948,0.491105079651,0.0,10.9921588898,0.0,0.0,0,0,0,False,(),,
2021/07/20/11:06:54.282306,10102,1626772015,956038951,,22.3824996948,0.491105079651,0.0,10.9921588898,0.0,0.0,0,0,0,False,(),,
2021/07/20/11:06:54.323401,10103,1626772015,996078968,,22.3824996948,0.491105079651,0.0,10.9921588898,0.0,0.0,0,0,0,False,(),,
2021/07/20/11:06:54.361532,10104,1626772016,35866975,,22.3824996948,0.49773812294,0.0,11.1406230927,0.0,0.0,0,0,0,False,(),,
2021/07/20/11:06:54.402238,10105,1626772016,75932025,,22.3608398438,0.491105079651,0.0,10.9815216064,0.0,0.0,0,0,0,False,(),,
2021/07/20/11:06:54.442505,10106,1626772016,115780115,,22.3824996948,0.47783896327,0.0,10.695230484,0.0,0.0,0,0,0,False,(),,
2021/07/20/11:06:54.482968,10107,1626772016,155900955,,22.3824996948,0.491105079651,0.0,10.9921588898,0.0,0.0,0,0,0,False,(),,
2021/07/20/11:06:54.522973,10108,1626772016,195853948,,22.3608398438,0.491105079651,0.0,10.9815216064,0.0,0.0,0,0,0,False,(),,
2021/07/20/11:06:54.561832,10109,1626772016,235826969,,22.3824996948,0.484472006559,0.0,10.8436946869,0.0,0.0,0,0,0,False,(),,
2021/07/20/11:06:54.602022,10110,1626772016,276108026,,22.3824996948,0.491105079651,0.0,10.9921588898,0.0,0.0,0,0,0,False,(),,
2021/07/20/11:06:54.642705,10111,1626772016,315979003,,22.3608398438,0.491105079651,0.0,10.9815216064,0.0,0.0,0,0,0,False,(),,
2021/07/20/11:06:54.682676,10112,1626772016,356096982,,22.3824996948,0.47783896327,0.0,10.695230484,0.0,0.0,0,0,0,False,(),,
2021/07/20/11:06:54.722368,10113,1626772016,396001100,,22.3824996948,0.491105079651,0.0,10.9921588898,0.0,0.0,0,0,0,False,(),,
2021/07/20/11:06:54.929571,10114,1626772016,436009883,,22.3608398438,0.484472006559,0.0,10.8332014084,0.0,0.0,0,0,0,False,(),,
2021/07/20/11:06:54.929592,10115,1626772016,475902080,,22.3824996948,0.47783896327,0.0,10.695230484,0.0,0.0,0,0,0,False,(),,
2021/07/20/11:06:54.929620,10116,1626772016,515737056,,22.3824996948,0.484472006559,0.0,10.8436946869,0.0,0.0,0,0,0,False,(),,
2021/07/20/11:06:54.929657,10117,1626772016,555854082,,22.3824996948,0.47783896327,0.0,10.695230484,0.0,0.0,0,0,0,False,(),,
2021/07/20/11:06:54.929706,10118,1626772016,595693111,,22.3824996948,0.491105079651,0.0,10.9921588898,0.0,0.0,0,0,0,False,(),,
2021/07/20/11:06:54.961393,10119,1626772016,635909080,,22.3608398438,0.504371166229,0.0,11.2781639099,0.0,0.0,0,0,0,False,(),,
2021/07/20/11:06:55.002047,10120,1626772016,676274061,,22.3824996948,0.49773812294,0.0,11.1406230927,0.0,0.0,0,0,0,False,(),,
2021/07/20/11:06:55.041970,10121,1626772016,715960979,,22.3824996948,0.491105079651,0.0,10.9921588898,0.0,0.0,0,0,0,False,(),,
2021/07/20/11:06:55.081273,10122,1626772016,755666017,,22.3608398438,0.49773812294,0.0,11.1298427582,0.0,0.0,0,0,0,False,(),,
2021/07/20/11:06:55.121148,10123,1626772016,795593023,,22.3608398438,0.491105079651,0.0,10.9815216064,0.0,0.0,0,0,0,False,(),,
2021/07/20/11:06:55.162485,10124,1626772016,836052894,,22.3824996948,0.517637312412,0.0,11.586016655,0.0,0.0,0,0,0,False,(),,
2021/07/20/11:06:55.202205,10125,1626772016,875977993,,22.3608398438,0.49773812294,0.0,11.1298427582,0.0,0.0,0,0,0,False,(),,
2021/07/20/11:06:55.244955,10126,1626772016,916075944,,22.3824996948,0.49773812294,0.0,11.1406230927,0.0,0.0,0,0,0,False,(),,
2021/07/20/11:06:55.282431,10127,1626772016,955970048,,22.3824996948,0.491105079651,0.0,10.9921588898,0.0,0.0,0,0,0,False,(),,
2021/07/20/11:06:55.321581,10128,1626772016,995908975,,22.3608398438,0.49773812294,0.0,11.1298427582,0.0,0.0,0,0,0,False,(),,
2021/07/20/11:06:55.361232,10129,1626772017,35820007,,22.3608398438,0.484472006559,0.0,10.8332014084,0.0,0.0,0,0,0,False,(),,
2021/07/20/11:06:55.404054,10130,1626772017,75717926,,22.3824996948,0.49773812294,0.0,11.1406230927,0.0,0.0,0,0,0,False,(),,
2021/07/20/11:06:55.441295,10131,1626772017,115912914,,22.3824996948,0.484472006559,0.0,10.8436946869,0.0,0.0,0,0,0,False,(),,
2021/07/20/11:06:55.482267,10132,1626772017,155970096,,22.3824996948,0.491105079651,0.0,10.9921588898,0.0,0.0,0,0,0,False,(),,
2021/07/20/11:06:55.521139,10133,1626772017,195636034,,22.3824996948,0.49773812294,0.0,11.1406230927,0.0,0.0,0,0,0,False,(),,
2021/07/20/11:06:55.563117,10134,1626772017,236171960,,22.3608398438,0.484472006559,0.0,10.8332014084,0.0,0.0,0,0,0,False,(),,
2021/07/20/11:06:55.602914,10135,1626772017,276316881,,22.3824996948,0.49773812294,0.0,11.1406230927,0.0,0.0,0,0,0,False,(),,
2021/07/20/11:06:55.642132,10136,1626772017,316060066,,22.3824996948,0.491105079651,0.0,10.9921588898,0.0,0.0,0,0,0,False,(),,
2021/07/20/11:06:55.681054,10137,1626772017,355751037,,22.3608398438,0.484472006559,0.0,10.8332014084,0.0,0.0,0,0,0,False,(),,
2021/07/20/11:06:55.726939,10138,1626772017,396028041,,22.3824996948,0.491105079651,0.0,10.9921588898,0.0,0.0,0,0,0,False,(),,
2021/07/20/11:06:55.931893,10139,1626772017,435549974,,22.3608398438,0.484472006559,0.0,10.8332014084,0.0,0.0,0,0,0,False,(),,
2021/07/20/11:06:55.931910,10140,1626772017,475964069,,22.3608398438,0.484472006559,0.0,10.8332014084,0.0,0.0,0,0,0,False,(),,
2021/07/20/11:06:55.931927,10141,1626772017,515866994,,22.3824996948,0.484472006559,0.0,10.8436946869,0.0,0.0,0,0,0,False,(),,
2021/07/20/11:06:55.931933,10142,1626772017,555720090,,22.3824996948,0.491105079651,0.0,10.9921588898,0.0,0.0,0,0,0,False,(),,
2021/07/20/11:06:55.931957,10143,1626772017,595906972,,22.3608398438,0.484472006559,0.0,10.8332014084,0.0,0.0,0,0,0,False,(),,
2021/07/20/11:06:55.961932,10144,1626772017,635751008,,22.3824996948,0.491105079651,0.0,10.9921588898,0.0,0.0,0,0,0,False,(),,
2021/07/20/11:06:56.004578,10145,1626772017,676016092,,22.3608398438,0.491105079651,0.0,10.9815216064,0.0,0.0,0,0,0,False,(),,
2021/07/20/11:06:56.041129,10146,1626772017,715656042,,22.3608398438,0.484472006559,0.0,10.8332014084,0.0,0.0,0,0,0,False,(),,
2021/07/20/11:06:56.081407,10147,1626772017,755749940,,22.3824996948,0.484472006559,0.0,10.8436946869,0.0,0.0,0,0,0,False,(),,
2021/07/20/11:06:56.124115,10148,1626772017,796052932,,22.3824996948,0.49773812294,0.0,11.1406230927,0.0,0.0,0,0,0,False,(),,
2021/07/20/11:06:56.162439,10149,1626772017,835886955,,22.3824996948,0.49773812294,0.0,11.1406230927,0.0,0.0,0,0,0,False,(),,
2021/07/20/11:06:56.203403,10150,1626772017,876053094,,22.3608398438,0.484472006559,0.0,10.8332014084,0.0,0.0,0,0,0,False,(),,
2021/07/20/11:06:56.242884,10151,1626772017,915771007,,22.3824996948,0.491105079651,0.0,10.9921588898,0.0,0.0,0,0,0,False,(),,
2021/07/20/11:06:56.281590,10152,1626772017,955727100,,22.3608398438,0.491105079651,0.0,10.9815216064,0.0,0.0,0,0,0,False,(),,
2021/07/20/11:06:56.322515,10153,1626772017,995708942,,22.3824996948,0.49773812294,0.0,11.1406230927,0.0,0.0,0,0,0,False,(),,
2021/07/20/11:06:56.363620,10154,1626772018,35909891,,22.3824996948,0.491105079651,0.0,10.9921588898,0.0,0.0,0,0,0,False,(),,
2021/07/20/11:06:56.405669,10155,1626772018,75865983,,22.3824996948,0.484472006559,0.0,10.8436946869,0.0,0.0,0,0,0,False,(),,
2021/07/20/11:06:56.441245,10156,1626772018,115704059,,22.3824996948,0.491105079651,0.0,10.9921588898,0.0,0.0,0,0,0,False,(),,
2021/07/20/11:06:56.481682,10157,1626772018,155675888,,22.3608398438,0.484472006559,0.0,10.8332014084,0.0,0.0,0,0,0,False,(),,
2021/07/20/11:06:56.521518,10158,1626772018,196048021,,22.3608398438,0.491105079651,0.0,10.9815216064,0.0,0.0,0,0,0,False,(),,
2021/07/20/11:06:56.561766,10159,1626772018,235524892,,22.3608398438,0.484472006559,0.0,10.8332014084,0.0,0.0,0,0,0,False,(),,
2021/07/20/11:06:56.602188,10160,1626772018,275625944,,22.3608398438,0.491105079651,0.0,10.9815216064,0.0,0.0,0,0,0,False,(),,
2021/07/20/11:06:56.642561,10161,1626772018,316101074,,22.3824996948,0.49773812294,0.0,11.1406230927,0.0,0.0,0,0,0,False,(),,
2021/07/20/11:06:56.682237,10162,1626772018,356024026,,22.3824996948,0.491105079651,0.0,10.9921588898,0.0,0.0,0,0,0,False,(),,
2021/07/20/11:06:56.723398,10163,1626772018,395888090,,22.3824996948,0.49773812294,0.0,11.1406230927,0.0,0.0,0,0,0,False,(),,
2021/07/20/11:06:56.914264,10164,1626772018,435724973,,22.3824996948,0.484472006559,0.0,10.8436946869,0.0,0.0,0,0,0,False,(),,
2021/07/20/11:06:56.914280,10165,1626772018,475681066,,22.3824996948,0.491105079651,0.0,10.9921588898,0.0,0.0,0,0,0,False,(),,
2021/07/20/11:06:56.914286,10166,1626772018,515887975,,22.3608398438,0.491105079651,0.0,10.9815216064,0.0,0.0,0,0,0,False,(),,
2021/07/20/11:06:56.914299,10167,1626772018,556119918,,22.3824996948,0.484472006559,0.0,10.8436946869,0.0,0.0,0,0,0,False,(),,
2021/07/20/11:06:56.921040,10168,1626772018,595505952,,22.3824996948,0.47783896327,0.0,10.695230484,0.0,0.0,0,0,0,False,(),,
2021/07/20/11:06:56.961993,10169,1626772018,635873079,,22.3824996948,0.484472006559,0.0,10.8436946869,0.0,0.0,0,0,0,False,(),,
2021/07/20/11:06:57.002241,10170,1626772018,675729990,,22.3824996948,0.49773812294,0.0,11.1406230927,0.0,0.0,0,0,0,False,(),,
2021/07/20/11:06:57.042716,10171,1626772018,716145038,,22.3608398438,0.49773812294,0.0,11.1298427582,0.0,0.0,0,0,0,False,(),,
2021/07/20/11:06:57.082801,10172,1626772018,755955934,,22.3608398438,0.491105079651,0.0,10.9815216064,0.0,0.0,0,0,0,False,(),,
2021/07/20/11:06:57.122458,10173,1626772018,795991897,,22.3824996948,0.491105079651,0.0,10.9921588898,0.0,0.0,0,0,0,False,(),,
2021/07/20/11:06:57.162737,10174,1626772018,835894107,,22.3824996948,0.484472006559,0.0,10.8436946869,0.0,0.0,0,0,0,False,(),,
2021/07/20/11:06:57.202632,10175,1626772018,876072883,,22.3824996948,0.491105079651,0.0,10.9921588898,0.0,0.0,0,0,0,False,(),,
2021/07/20/11:06:57.242190,10176,1626772018,916224002,,22.3824996948,0.484472006559,0.0,10.8436946869,0.0,0.0,0,0,0,False,(),,
2021/07/20/11:06:57.282057,10177,1626772018,955982923,,22.3608398438,0.491105079651,0.0,10.9815216064,0.0,0.0,0,0,0,False,(),,
2021/07/20/11:06:57.323736,10178,1626772018,995946884,,22.3824996948,0.491105079651,0.0,10.9921588898,0.0,0.0,0,0,0,False,(),,
2021/07/20/11:06:57.364346,10179,1626772019,35763978,,22.3608398438,0.484472006559,0.0,10.8332014084,0.0,0.0,0,0,0,False,(),,
2021/07/20/11:06:57.401022,10180,1626772019,75737953,,22.3824996948,0.491105079651,0.0,10.9921588898,0.0,0.0,0,0,0,False,(),,
2021/07/20/11:06:57.441149,10181,1626772019,115622997,,22.3824996948,0.484472006559,0.0,10.8436946869,0.0,0.0,0,0,0,False,(),,
2021/07/20/11:06:57.483092,10182,1626772019,155957937,,22.3824996948,0.491105079651,0.0,10.9921588898,0.0,0.0,0,0,0,False,(),,
2021/07/20/11:06:57.524619,10183,1626772019,195888042,,22.3824996948,0.484472006559,0.0,10.8436946869,0.0,0.0,0,0,0,False,(),,
2021/07/20/11:06:57.562163,10184,1626772019,235780954,,22.3824996948,0.491105079651,0.0,10.9921588898,0.0,0.0,0,0,0,False,(),,
2021/07/20/11:06:57.602351,10185,1626772019,275989055,,22.3824996948,0.49773812294,0.0,11.1406230927,0.0,0.0,0,0,0,False,(),,
2021/07/20/11:06:57.642294,10186,1626772019,315902948,,22.3608398438,0.49773812294,0.0,11.1298427582,0.0,0.0,0,0,0,False,(),,
2021/07/20/11:06:57.682565,10187,1626772019,355998992,,22.3824996948,0.491105079651,0.0,10.9921588898,0.0,0.0,0,0,0,False,(),,
2021/07/20/11:06:57.722196,10188,1626772019,395879030,,22.3824996948,0.491105079651,0.0,10.9921588898,0.0,0.0,0,0,0,False,(),,
2021/07/20/11:06:57.922765,10189,1626772019,435651063,,22.3824996948,0.491105079651,0.0,10.9921588898,0.0,0.0,0,0,0,False,(),,
2021/07/20/11:06:57.922774,10190,1626772019,476026058,,22.3824996948,0.484472006559,0.0,10.8436946869,0.0,0.0,0,0,0,False,(),,
2021/07/20/11:06:57.922778,10191,1626772019,515809059,,22.3824996948,0.484472006559,0.0,10.8436946869,0.0,0.0,0,0,0,False,(),,
2021/07/20/11:06:57.922795,10192,1626772019,555782079,,22.3824996948,0.47783896327,0.0,10.695230484,0.0,0.0,0,0,0,False,(),,
2021/07/20/11:06:57.925344,10193,1626772019,595633029,,22.3824996948,0.484472006559,0.0,10.8436946869,0.0,0.0,0,0,0,False,(),,
2021/07/20/11:06:57.960843,10194,1626772019,635581970,,22.3608398438,0.49773812294,0.0,11.1298427582,0.0,0.0,0,0,0,False,(),,
2021/07/20/11:06:58.005429,10195,1626772019,675878047,,22.3608398438,0.491105079651,0.0,10.9815216064,0.0,0.0,0,0,0,False,(),,
2021/07/20/11:06:58.042837,10196,1626772019,715941905,,22.3824996948,0.49773812294,0.0,11.1406230927,0.0,0.0,0,0,0,False,(),,
2021/07/20/11:06:58.082460,10197,1626772019,756036996,,22.3824996948,0.491105079651,0.0,10.9921588898,0.0,0.0,0,0,0,False,(),,
2021/07/20/11:06:58.121866,10198,1626772019,795838117,,22.3608398438,0.491105079651,0.0,10.9815216064,0.0,0.0,0,0,0,False,(),,
2021/07/20/11:06:58.161548,10199,1626772019,835740089,,22.3608398438,0.47783896327,0.0,10.6848802567,0.0,0.0,0,0,0,False,(),,
2021/07/20/11:06:58.202626,10200,1626772019,875654935,,22.3608398438,0.49773812294,0.0,11.1298427582,0.0,0.0,0,0,0,False,(),,
2021/07/20/11:06:58.247651,10201,1626772019,916368007,,22.3824996948,0.484472006559,0.0,10.8436946869,0.0,0.0,0,0,0,False,(),,
2021/07/20/11:06:58.285745,10202,1626772019,956037044,,22.3608398438,0.511004269123,0.0,11.426484108,0.0,0.0,0,0,0,False,(),,
2021/07/20/11:06:58.321758,10203,1626772019,995743989,,22.3824996948,0.484472006559,0.0,10.8436946869,0.0,0.0,0,0,0,False,(),,
2021/07/20/11:06:58.361117,10204,1626772020,35725116,,22.3608398438,0.491105079651,0.0,10.9815216064,0.0,0.0,0,0,0,False,(),,
2021/07/20/11:06:58.402118,10205,1626772020,75957059,,22.3608398438,0.491105079651,0.0,10.9815216064,0.0,0.0,0,0,0,False,(),,
2021/07/20/11:06:58.441960,10206,1626772020,115904092,,22.3608398438,0.491105079651,0.0,10.9815216064,0.0,0.0,0,0,0,False,(),,
2021/07/20/11:06:58.482455,10207,1626772020,156126976,,22.3824996948,0.484472006559,0.0,10.8436946869,0.0,0.0,0,0,0,False,(),,
2021/07/20/11:06:58.521591,10208,1626772020,196094989,,22.3608398438,0.491105079651,0.0,10.9815216064,0.0,0.0,0,0,0,False,(),,
2021/07/20/11:06:58.562077,10209,1626772020,235837936,,22.3824996948,0.49773812294,0.0,11.1406230927,0.0,0.0,0,0,0,False,(),,
2021/07/20/11:06:58.602958,10210,1626772020,276154994,,22.3608398438,0.491105079651,0.0,10.9815216064,0.0,0.0,0,0,0,False,(),,
2021/07/20/11:06:58.641619,10211,1626772020,316142082,,22.3824996948,0.484472006559,0.0,10.8436946869,0.0,0.0,0,0,0,False,(),,
2021/07/20/11:06:58.681915,10212,1626772020,355655908,,22.3824996948,0.491105079651,0.0,10.9921588898,0.0,0.0,0,0,0,False,(),,
2021/07/20/11:06:58.721498,10213,1626772020,396008968,,22.3824996948,0.504371166229,0.0,11.2890882492,0.0,0.0,0,0,0,False,(),,
2021/07/20/11:06:58.928687,10214,1626772020,435772895,,22.3824996948,0.491105079651,0.0,10.9921588898,0.0,0.0,0,0,0,False,(),,
2021/07/20/11:06:58.928723,10215,1626772020,475990056,,22.3608398438,0.491105079651,0.0,10.9815216064,0.0,0.0,0,0,0,False,(),,
2021/07/20/11:06:58.928735,10216,1626772020,515800952,,22.3608398438,0.491105079651,0.0,10.9815216064,0.0,0.0,0,0,0,False,(),,
2021/07/20/11:06:58.928746,10217,1626772020,555641889,,22.3824996948,0.491105079651,0.0,10.9921588898,0.0,0.0,0,0,0,False,(),,
2021/07/20/11:06:58.928763,10218,1626772020,595628976,,22.3824996948,0.484472006559,0.0,10.8436946869,0.0,0.0,0,0,0,False,(),,
2021/07/20/11:06:58.962639,10219,1626772020,635930061,,22.3824996948,0.504371166229,0.0,11.2890882492,0.0,0.0,0,0,0,False,(),,
2021/07/20/11:06:59.003696,10220,1626772020,676002025,,22.3824996948,0.49773812294,0.0,11.1406230927,0.0,0.0,0,0,0,False,(),,
2021/07/20/11:06:59.042501,10221,1626772020,715936899,,22.3608398438,0.491105079651,0.0,10.9815216064,0.0,0.0,0,0,0,False,(),,
2021/07/20/11:06:59.082355,10222,1626772020,755861997,,22.3824996948,0.49773812294,0.0,11.1406230927,0.0,0.0,0,0,0,False,(),,
2021/07/20/11:06:59.122151,10223,1626772020,796107053,,22.3824996948,0.504371166229,0.0,11.2890882492,0.0,0.0,0,0,0,False,(),,
2021/07/20/11:06:59.161697,10224,1626772020,835643053,,22.3824996948,0.491105079651,0.0,10.9921588898,0.0,0.0,0,0,0,False,(),,
2021/07/20/11:06:59.202324,10225,1626772020,875916957,,22.3824996948,0.491105079651,0.0,10.9921588898,0.0,0.0,0,0,0,False,(),,
2021/07/20/11:06:59.242254,10226,1626772020,915858030,,22.3824996948,0.504371166229,0.0,11.2890882492,0.0,0.0,0,0,0,False,(),,
2021/07/20/11:06:59.282691,10227,1626772020,956366062,,22.3824996948,0.49773812294,0.0,11.1406230927,0.0,0.0,0,0,0,False,(),,
2021/07/20/11:06:59.321404,10228,1626772020,995950937,,22.3824996948,0.484472006559,0.0,10.8436946869,0.0,0.0,0,0,0,False,(),,
2021/07/20/11:06:59.363275,10229,1626772021,36006927,,22.3824996948,0.484472006559,0.0,10.8436946869,0.0,0.0,0,0,0,False,(),,
2021/07/20/11:06:59.402273,10230,1626772021,75885057,,22.3824996948,0.49773812294,0.0,11.1406230927,0.0,0.0,0,0,0,False,(),,
2021/07/20/11:06:59.441524,10231,1626772021,115963935,,22.3824996948,0.49773812294,0.0,11.1406230927,0.0,0.0,0,0,0,False,(),,
2021/07/20/11:06:59.481977,10232,1626772021,155881881,,22.3824996948,0.504371166229,0.0,11.2890882492,0.0,0.0,0,0,0,False,(),,
2021/07/20/11:06:59.521797,10233,1626772021,195532083,,22.3824996948,0.491105079651,0.0,10.9921588898,0.0,0.0,0,0,0,False,(),,
2021/07/20/11:06:59.561829,10234,1626772021,235799074,,22.3824996948,0.491105079651,0.0,10.9921588898,0.0,0.0,0,0,0,False,(),,
2021/07/20/11:06:59.602781,10235,1626772021,275916099,,22.3824996948,0.49773812294,0.0,11.1406230927,0.0,0.0,0,0,0,False,(),,
2021/07/20/11:06:59.642204,10236,1626772021,316134929,,22.3824996948,0.491105079651,0.0,10.9921588898,0.0,0.0,0,0,0,False,(),,
2021/07/20/11:06:59.682535,10237,1626772021,355894088,,22.3824996948,0.49773812294,0.0,11.1406230927,0.0,0.0,0,0,0,False,(),,
2021/07/20/11:06:59.722541,10238,1626772021,395924091,,22.3824996948,0.49773812294,0.0,11.1406230927,0.0,0.0,0,0,0,False,(),,
2021/07/20/11:06:59.934177,10239,1626772021,435880899,,22.3824996948,0.484472006559,0.0,10.8436946869,0.0,0.0,0,0,0,False,(),,
2021/07/20/11:06:59.934198,10240,1626772021,475575923,,22.3824996948,0.47783896327,0.0,10.695230484,0.0,0.0,0,0,0,False,(),,
2021/07/20/11:06:59.934207,10241,1626772021,515938043,,22.3824996948,0.49773812294,0.0,11.1406230927,0.0,0.0,0,0,0,False,(),,
2021/07/20/11:06:59.934221,10242,1626772021,555907964,,22.3824996948,0.491105079651,0.0,10.9921588898,0.0,0.0,0,0,0,False,(),,
2021/07/20/11:06:59.934234,10243,1626772021,595777988,,22.3608398438,0.491105079651,0.0,10.9815216064,0.0,0.0,0,0,0,False,(),,
2021/07/20/11:06:59.966508,10244,1626772021,635679006,,22.3608398438,0.484472006559,0.0,10.8332014084,0.0,0.0,0,0,0,False,(),,
2021/07/20/11:07:00.003232,10245,1626772021,675261974,,22.3824996948,0.504371166229,0.0,11.2890882492,0.0,0.0,0,0,0,False,(),,
2021/07/20/11:07:00.045855,10246,1626772021,716610908,,22.3824996948,0.49773812294,0.0,11.1406230927,0.0,0.0,0,0,0,False,(),,
2021/07/20/11:07:00.082934,10247,1626772021,755590915,,22.3608398438,0.491105079651,0.0,10.9815216064,0.0,0.0,0,0,0,False,(),,
2021/07/20/11:07:00.130493,10248,1626772021,795959949,,22.3824996948,0.504371166229,0.0,11.2890882492,0.0,0.0,0,0,0,False,(),,
2021/07/20/11:07:00.162553,10249,1626772021,835907936,,22.3824996948,0.49773812294,0.0,11.1406230927,0.0,0.0,0,0,0,False,(),,
2021/07/20/11:07:00.202054,10250,1626772021,876069068,,22.3608398438,0.491105079651,0.0,10.9815216064,0.0,0.0,0,0,0,False,(),,
2021/07/20/11:07:00.240830,10251,1626772021,915493011,,22.3824996948,0.49773812294,0.0,11.1406230927,0.0,0.0,0,0,0,False,(),,
2021/07/20/11:07:00.282948,10252,1626772021,955904960,,22.3824996948,0.491105079651,0.0,10.9921588898,0.0,0.0,0,0,0,False,(),,
2021/07/20/11:07:00.322443,10253,1626772021,996278047,,22.3608398438,0.504371166229,0.0,11.2781639099,0.0,0.0,0,0,0,False,(),,
2021/07/20/11:07:00.361810,10254,1626772022,35892963,,22.3824996948,0.49773812294,0.0,11.1406230927,0.0,0.0,0,0,0,False,(),,
2021/07/20/11:07:00.402099,10255,1626772022,75954914,,22.3608398438,0.491105079651,0.0,10.9815216064,0.0,0.0,0,0,0,False,(),,
2021/07/20/11:07:00.443420,10256,1626772022,115897893,,22.3824996948,0.491105079651,0.0,10.9921588898,0.0,0.0,0,0,0,False,(),,
2021/07/20/11:07:00.481595,10257,1626772022,155941009,,22.3608398438,0.484472006559,0.0,10.8332014084,0.0,0.0,0,0,0,False,(),,
2021/07/20/11:07:00.522196,10258,1626772022,195626020,,22.3824996948,0.49773812294,0.0,11.1406230927,0.0,0.0,0,0,0,False,(),,
2021/07/20/11:07:00.561793,10259,1626772022,235941886,,22.3824996948,0.484472006559,0.0,10.8436946869,0.0,0.0,0,0,0,False,(),,
2021/07/20/11:07:00.602455,10260,1626772022,275978088,,22.3608398438,0.49773812294,0.0,11.1298427582,0.0,0.0,0,0,0,False,(),,
2021/07/20/11:07:00.641699,10261,1626772022,315995931,,22.3824996948,0.49773812294,0.0,11.1406230927,0.0,0.0,0,0,0,False,(),,
2021/07/20/11:07:00.682446,10262,1626772022,355756044,,22.3824996948,0.491105079651,0.0,10.9921588898,0.0,0.0,0,0,0,False,(),,
2021/07/20/11:07:00.721921,10263,1626772022,395808935,,22.3824996948,0.49773812294,0.0,11.1406230927,0.0,0.0,0,0,0,False,(),,
2021/07/20/11:07:00.934283,10264,1626772022,436023950,,22.3608398438,0.491105079651,0.0,10.9815216064,0.0,0.0,0,0,0,False,(),,
2021/07/20/11:07:00.934310,10265,1626772022,475744962,,22.3824996948,0.491105079651,0.0,10.9921588898,0.0,0.0,0,0,0,False,(),,
2021/07/20/11:07:00.934317,10266,1626772022,515427112,,22.3824996948,0.491105079651,0.0,10.9921588898,0.0,0.0,0,0,0,False,(),,
2021/07/20/11:07:00.934326,10267,1626772022,555536985,,22.3824996948,0.491105079651,0.0,10.9921588898,0.0,0.0,0,0,0,False,(),,
2021/07/20/11:07:00.934364,10268,1626772022,595638036,,22.3824996948,0.491105079651,0.0,10.9921588898,0.0,0.0,0,0,0,False,(),,
2021/07/20/11:07:00.962295,10269,1626772022,635554075,,22.3824996948,0.504371166229,0.0,11.2890882492,0.0,0.0,0,0,0,False,(),,
2021/07/20/11:07:01.001156,10270,1626772022,675627946,,22.3608398438,0.504371166229,0.0,11.2781639099,0.0,0.0,0,0,0,False,(),,
2021/07/20/11:07:01.043393,10271,1626772022,716676950,,22.3608398438,0.49773812294,0.0,11.1298427582,0.0,0.0,0,0,0,False,(),,
2021/07/20/11:07:01.081400,10272,1626772022,755980014,,22.3824996948,0.49773812294,0.0,11.1406230927,0.0,0.0,0,0,0,False,(),,
2021/07/20/11:07:01.122052,10273,1626772022,795905113,,22.3608398438,0.49773812294,0.0,11.1298427582,0.0,0.0,0,0,0,False,(),,
2021/07/20/11:07:01.161321,10274,1626772022,835886001,,22.3824996948,0.491105079651,0.0,10.9921588898,0.0,0.0,0,0,0,False,(),,
2021/07/20/11:07:01.202454,10275,1626772022,875595092,,22.3824996948,0.491105079651,0.0,10.9921588898,0.0,0.0,0,0,0,False,(),,
2021/07/20/11:07:01.241666,10276,1626772022,916291952,,22.3608398438,0.491105079651,0.0,10.9815216064,0.0,0.0,0,0,0,False,(),,
2021/07/20/11:07:01.282049,10277,1626772022,955768108,,22.3824996948,0.49773812294,0.0,11.1406230927,0.0,0.0,0,0,0,False,(),,
2021/07/20/11:07:01.322067,10278,1626772022,996026992,,22.3608398438,0.491105079651,0.0,10.9815216064,0.0,0.0,0,0,0,False,(),,
2021/07/20/11:07:01.363337,10279,1626772023,35716056,,22.3608398438,0.504371166229,0.0,11.2781639099,0.0,0.0,0,0,0,False,(),,
2021/07/20/11:07:01.402321,10280,1626772023,75850963,,22.3824996948,0.491105079651,0.0,10.9921588898,0.0,0.0,0,0,0,False,(),,
2021/07/20/11:07:01.441491,10281,1626772023,116009950,,22.3824996948,0.491105079651,0.0,10.9921588898,0.0,0.0,0,0,0,False,(),,
2021/07/20/11:07:01.481435,10282,1626772023,155706882,,22.3824996948,0.49773812294,0.0,11.1406230927,0.0,0.0,0,0,0,False,(),,
2021/07/20/11:07:01.522463,10283,1626772023,195996046,,22.3824996948,0.49773812294,0.0,11.1406230927,0.0,0.0,0,0,0,False,(),,
2021/07/20/11:07:01.562416,10284,1626772023,236181020,,22.3608398438,0.49773812294,0.0,11.1298427582,0.0,0.0,0,0,0,False,(),,
2021/07/20/11:07:01.602231,10285,1626772023,275995969,,22.3608398438,0.491105079651,0.0,10.9815216064,0.0,0.0,0,0,0,False,(),,
2021/07/20/11:07:01.642076,10286,1626772023,315993070,,22.3824996948,0.504371166229,0.0,11.2890882492,0.0,0.0,0,0,0,False,(),,
2021/07/20/11:07:01.681805,10287,1626772023,355665922,,22.3608398438,0.491105079651,0.0,10.9815216064,0.0,0.0,0,0,0,False,(),,
2021/07/20/11:07:01.721013,10288,1626772023,395653963,,22.3824996948,0.49773812294,0.0,11.1406230927,0.0,0.0,0,0,0,False,(),,
2021/07/20/11:07:01.927854,10289,1626772023,435523033,,22.3608398438,0.49773812294,0.0,11.1298427582,0.0,0.0,0,0,0,False,(),,
2021/07/20/11:07:01.927870,10290,1626772023,475920915,,22.3824996948,0.491105079651,0.0,10.9921588898,0.0,0.0,0,0,0,False,(),,
2021/07/20/11:07:01.927890,10291,1626772023,515997886,,22.3824996948,0.491105079651,0.0,10.9921588898,0.0,0.0,0,0,0,False,(),,
2021/07/20/11:07:01.927896,10292,1626772023,556022882,,22.3824996948,0.49773812294,0.0,11.1406230927,0.0,0.0,0,0,0,False,(),,
2021/07/20/11:07:01.927916,10293,1626772023,595777988,,22.3824996948,0.491105079651,0.0,10.9921588898,0.0,0.0,0,0,0,False,(),,
2021/07/20/11:07:01.961506,10294,1626772023,635716915,,22.3608398438,0.504371166229,0.0,11.2781639099,0.0,0.0,0,0,0,False,(),,
2021/07/20/11:07:02.002608,10295,1626772023,675976991,,22.3608398438,0.491105079651,0.0,10.9815216064,0.0,0.0,0,0,0,False,(),,
2021/07/20/11:07:02.042027,10296,1626772023,715922117,,22.3824996948,0.491105079651,0.0,10.9921588898,0.0,0.0,0,0,0,False,(),,
2021/07/20/11:07:02.082347,10297,1626772023,755805015,,22.3824996948,0.49773812294,0.0,11.1406230927,0.0,0.0,0,0,0,False,(),,
2021/07/20/11:07:02.121984,10298,1626772023,796161890,,22.3824996948,0.491105079651,0.0,10.9921588898,0.0,0.0,0,0,0,False,(),,
2021/07/20/11:07:02.161388,10299,1626772023,835649013,,22.3608398438,0.504371166229,0.0,11.2781639099,0.0,0.0,0,0,0,False,(),,
2021/07/20/11:07:02.220148,10300,1626772023,876744031,,22.3824996948,0.504371166229,0.0,11.2890882492,0.0,0.0,0,0,0,False,(),,
2021/07/20/11:07:02.241557,10301,1626772023,915472984,,22.3824996948,0.504371166229,0.0,11.2890882492,0.0,0.0,0,0,0,False,(),,
2021/07/20/11:07:02.281857,10302,1626772023,956129074,,22.3824996948,0.511004269123,0.0,11.4375524521,0.0,0.0,0,0,0,False,(),,
2021/07/20/11:07:02.321900,10303,1626772023,995788097,,22.3824996948,0.49773812294,0.0,11.1406230927,0.0,0.0,0,0,0,False,(),,
2021/07/20/11:07:02.361885,10304,1626772024,35949945,,22.3824996948,0.504371166229,0.0,11.2890882492,0.0,0.0,0,0,0,False,(),,
2021/07/20/11:07:02.415728,10305,1626772024,75766086,,22.3608398438,0.504371166229,0.0,11.2781639099,0.0,0.0,0,0,0,False,(),,
2021/07/20/11:07:02.448423,10306,1626772024,115950107,,22.3824996948,0.49773812294,0.0,11.1406230927,0.0,0.0,0,0,0,False,(),,
2021/07/20/11:07:02.513474,10307,1626772024,155672073,,22.3608398438,0.491105079651,0.0,10.9815216064,0.0,0.0,0,0,0,False,(),,
2021/07/20/11:07:02.522623,10308,1626772024,195693969,,22.3824996948,0.504371166229,0.0,11.2890882492,0.0,0.0,0,0,0,False,(),,
2021/07/20/11:07:02.561693,10309,1626772024,235615015,,22.3824996948,0.49773812294,0.0,11.1406230927,0.0,0.0,0,0,0,False,(),,
2021/07/20/11:07:02.602432,10310,1626772024,275881052,,22.3824996948,0.504371166229,0.0,11.2890882492,0.0,0.0,0,0,0,False,(),,
2021/07/20/11:07:02.642036,10311,1626772024,316041946,,22.3824996948,0.49773812294,0.0,11.1406230927,0.0,0.0,0,0,0,False,(),,
2021/07/20/11:07:02.681873,10312,1626772024,355952024,,22.3824996948,0.49773812294,0.0,11.1406230927,0.0,0.0,0,0,0,False,(),,
2021/07/20/11:07:02.721715,10313,1626772024,396024942,,22.3608398438,0.49773812294,0.0,11.1298427582,0.0,0.0,0,0,0,False,(),,
2021/07/20/11:07:02.930657,10314,1626772024,435957908,,22.3608398438,0.491105079651,0.0,10.9815216064,0.0,0.0,0,0,0,False,(),,
2021/07/20/11:07:02.930674,10315,1626772024,475924015,,22.3824996948,0.491105079651,0.0,10.9921588898,0.0,0.0,0,0,0,False,(),,
2021/07/20/11:07:02.930686,10316,1626772024,515645980,,22.3824996948,0.491105079651,0.0,10.9921588898,0.0,0.0,0,0,0,False,(),,
2021/07/20/11:07:02.930693,10317,1626772024,555979967,,22.3824996948,0.49773812294,0.0,11.1406230927,0.0,0.0,0,0,0,False,(),,
2021/07/20/11:07:02.930699,10318,1626772024,596045970,,22.3824996948,0.491105079651,0.0,10.9921588898,0.0,0.0,0,0,0,False,(),,
2021/07/20/11:07:02.962485,10319,1626772024,635869026,,22.3608398438,0.49773812294,0.0,11.1298427582,0.0,0.0,0,0,0,False,(),,
2021/07/20/11:07:03.001798,10320,1626772024,675946950,,22.3824996948,0.49773812294,0.0,11.1406230927,0.0,0.0,0,0,0,False,(),,
2021/07/20/11:07:03.041834,10321,1626772024,715534925,,22.3824996948,0.484472006559,0.0,10.8436946869,0.0,0.0,0,0,0,False,(),,
2021/07/20/11:07:03.082362,10322,1626772024,756006002,,22.3824996948,0.49773812294,0.0,11.1406230927,0.0,0.0,0,0,0,False,(),,
2021/07/20/11:07:03.122393,10323,1626772024,795999050,,22.3824996948,0.49773812294,0.0,11.1406230927,0.0,0.0,0,0,0,False,(),,
2021/07/20/11:07:03.161808,10324,1626772024,835994958,,22.3824996948,0.504371166229,0.0,11.2890882492,0.0,0.0,0,0,0,False,(),,
2021/07/20/11:07:03.203920,10325,1626772024,875960111,,22.3824996948,0.484472006559,0.0,10.8436946869,0.0,0.0,0,0,0,False,(),,
2021/07/20/11:07:03.242211,10326,1626772024,915663003,,22.3824996948,0.504371166229,0.0,11.2890882492,0.0,0.0,0,0,0,False,(),,
2021/07/20/11:07:03.282435,10327,1626772024,955884933,,22.3824996948,0.49773812294,0.0,11.1406230927,0.0,0.0,0,0,0,False,(),,
2021/07/20/11:07:03.321741,10328,1626772024,996201038,,22.3824996948,0.504371166229,0.0,11.2890882492,0.0,0.0,0,0,0,False,(),,
2021/07/20/11:07:03.377479,10329,1626772025,35804033,,22.3608398438,0.491105079651,0.0,10.9815216064,0.0,0.0,0,0,0,False,(),,
2021/07/20/11:07:03.405909,10330,1626772025,75915098,,22.3824996948,0.49773812294,0.0,11.1406230927,0.0,0.0,0,0,0,False,(),,
2021/07/20/11:07:03.443151,10331,1626772025,115967988,,22.3824996948,0.491105079651,0.0,10.9921588898,0.0,0.0,0,0,0,False,(),,
2021/07/20/11:07:03.482674,10332,1626772025,156557083,,22.3824996948,0.491105079651,0.0,10.9921588898,0.0,0.0,0,0,0,False,(),,
2021/07/20/11:07:03.521217,10333,1626772025,195864915,,22.3824996948,0.49773812294,0.0,11.1406230927,0.0,0.0,0,0,0,False,(),,
2021/07/20/11:07:03.561811,10334,1626772025,235917091,,22.3608398438,0.491105079651,0.0,10.9815216064,0.0,0.0,0,0,0,False,(),,
2021/07/20/11:07:03.601260,10335,1626772025,275876998,,22.3824996948,0.49773812294,0.0,11.1406230927,0.0,0.0,0,0,0,False,(),,
2021/07/20/11:07:03.641217,10336,1626772025,315668106,,22.3608398438,0.491105079651,0.0,10.9815216064,0.0,0.0,0,0,0,False,(),,
2021/07/20/11:07:03.681469,10337,1626772025,355791091,,22.3608398438,0.49773812294,0.0,11.1298427582,0.0,0.0,0,0,0,False,(),,
2021/07/20/11:07:03.722456,10338,1626772025,396434068,,22.3824996948,0.504371166229,0.0,11.2890882492,0.0,0.0,0,0,0,False,(),,
2021/07/20/11:07:03.933295,10339,1626772025,435719013,,22.3824996948,0.49773812294,0.0,11.1406230927,0.0,0.0,0,0,0,False,(),,
2021/07/20/11:07:03.933315,10340,1626772025,475792884,,22.3824996948,0.484472006559,0.0,10.8436946869,0.0,0.0,0,0,0,False,(),,
2021/07/20/11:07:03.933322,10341,1626772025,515772104,,22.3824996948,0.484472006559,0.0,10.8436946869,0.0,0.0,0,0,0,False,(),,
2021/07/20/11:07:03.933334,10342,1626772025,555635929,,22.3608398438,0.491105079651,0.0,10.9815216064,0.0,0.0,0,0,0,False,(),,
2021/07/20/11:07:03.933374,10343,1626772025,595599889,,22.3824996948,0.484472006559,0.0,10.8436946869,0.0,0.0,0,0,0,False,(),,
2021/07/20/11:07:03.961838,10344,1626772025,635694980,,22.3824996948,0.491105079651,0.0,10.9921588898,0.0,0.0,0,0,0,False,(),,
2021/07/20/11:07:04.002840,10345,1626772025,676023006,,22.3824996948,0.504371166229,0.0,11.2890882492,0.0,0.0,0,0,0,False,(),,
2021/07/20/11:07:04.042723,10346,1626772025,716290950,,22.3824996948,0.504371166229,0.0,11.2890882492,0.0,0.0,0,0,0,False,(),,
2021/07/20/11:07:04.082635,10347,1626772025,755749940,,22.3608398438,0.491105079651,0.0,10.9815216064,0.0,0.0,0,0,0,False,(),,
2021/07/20/11:07:04.122487,10348,1626772025,795891046,,22.3824996948,0.491105079651,0.0,10.9921588898,0.0,0.0,0,0,0,False,(),,
2021/07/20/11:07:04.161848,10349,1626772025,835772037,,22.3824996948,0.49773812294,0.0,11.1406230927,0.0,0.0,0,0,0,False,(),,
2021/07/20/11:07:04.201587,10350,1626772025,875916004,,22.3824996948,0.491105079651,0.0,10.9921588898,0.0,0.0,0,0,0,False,(),,
2021/07/20/11:07:04.240630,10351,1626772025,915632963,,22.3824996948,0.491105079651,0.0,10.9921588898,0.0,0.0,0,0,0,False,(),,
2021/07/20/11:07:04.281353,10352,1626772025,955533981,,22.3824996948,0.491105079651,0.0,10.9921588898,0.0,0.0,0,0,0,False,(),,
2021/07/20/11:07:04.322591,10353,1626772025,996051073,,22.3824996948,0.491105079651,0.0,10.9921588898,0.0,0.0,0,0,0,False,(),,
2021/07/20/11:07:04.361099,10354,1626772026,35999059,,22.3824996948,0.49773812294,0.0,11.1406230927,0.0,0.0,0,0,0,False,(),,
2021/07/20/11:07:04.401861,10355,1626772026,75992107,,22.3824996948,0.484472006559,0.0,10.8436946869,0.0,0.0,0,0,0,False,(),,
2021/07/20/11:07:04.442261,10356,1626772026,115622043,,22.3824996948,0.491105079651,0.0,10.9921588898,0.0,0.0,0,0,0,False,(),,
2021/07/20/11:07:04.482542,10357,1626772026,155961036,,22.3824996948,0.491105079651,0.0,10.9921588898,0.0,0.0,0,0,0,False,(),,
2021/07/20/11:07:04.521682,10358,1626772026,196127891,,22.3824996948,0.491105079651,0.0,10.9921588898,0.0,0.0,0,0,0,False,(),,
2021/07/20/11:07:04.562063,10359,1626772026,235825061,,22.3824996948,0.491105079651,0.0,10.9921588898,0.0,0.0,0,0,0,False,(),,
2021/07/20/11:07:04.602479,10360,1626772026,275922060,,22.3608398438,0.491105079651,0.0,10.9815216064,0.0,0.0,0,0,0,False,(),,
2021/07/20/11:07:04.647202,10361,1626772026,315990924,,22.3608398438,0.491105079651,0.0,10.9815216064,0.0,0.0,0,0,0,False,(),,
2021/07/20/11:07:04.681718,10362,1626772026,355645895,,22.3824996948,0.491105079651,0.0,10.9921588898,0.0,0.0,0,0,0,False,(),,
2021/07/20/11:07:04.741218,10363,1626772026,395900011,,22.3824996948,0.491105079651,0.0,10.9921588898,0.0,0.0,0,0,0,False,(),,
2021/07/20/11:07:04.932457,10364,1626772026,435863971,,22.3824996948,0.491105079651,0.0,10.9921588898,0.0,0.0,0,0,0,False,(),,
2021/07/20/11:07:04.932476,10365,1626772026,475924968,,22.3824996948,0.491105079651,0.0,10.9921588898,0.0,0.0,0,0,0,False,(),,
2021/07/20/11:07:04.932485,10366,1626772026,515723943,,22.3824996948,0.47783896327,0.0,10.695230484,0.0,0.0,0,0,0,False,(),,
2021/07/20/11:07:04.932490,10367,1626772026,555824995,,22.3824996948,0.484472006559,0.0,10.8436946869,0.0,0.0,0,0,0,False,(),,
2021/07/20/11:07:04.932504,10368,1626772026,595525026,,22.3608398438,0.491105079651,0.0,10.9815216064,0.0,0.0,0,0,0,False,(),,
2021/07/20/11:07:04.961609,10369,1626772026,635577917,,22.3824996948,0.484472006559,0.0,10.8436946869,0.0,0.0,0,0,0,False,(),,
2021/07/20/11:07:05.003320,10370,1626772026,676120042,,22.3824996948,0.484472006559,0.0,10.8436946869,0.0,0.0,0,0,0,False,(),,
2021/07/20/11:07:05.044469,10371,1626772026,716070890,,22.3824996948,0.491105079651,0.0,10.9921588898,0.0,0.0,0,0,0,False,(),,
2021/07/20/11:07:05.082039,10372,1626772026,755954980,,22.3824996948,0.49773812294,0.0,11.1406230927,0.0,0.0,0,0,0,False,(),,
2021/07/20/11:07:05.122360,10373,1626772026,795994997,,22.3824996948,0.484472006559,0.0,10.8436946869,0.0,0.0,0,0,0,False,(),,
2021/07/20/11:07:05.161562,10374,1626772026,835949897,,22.3824996948,0.47783896327,0.0,10.695230484,0.0,0.0,0,0,0,False,(),,
2021/07/20/11:07:05.201573,10375,1626772026,875653028,,22.3608398438,0.491105079651,0.0,10.9815216064,0.0,0.0,0,0,0,False,(),,
2021/07/20/11:07:05.242570,10376,1626772026,916027069,,22.3608398438,0.49773812294,0.0,11.1298427582,0.0,0.0,0,0,0,False,(),,
2021/07/20/11:07:05.282255,10377,1626772026,956010103,,22.3824996948,0.484472006559,0.0,10.8436946869,0.0,0.0,0,0,0,False,(),,
2021/07/20/11:07:05.322537,10378,1626772026,995939016,,22.3824996948,0.484472006559,0.0,10.8436946869,0.0,0.0,0,0,0,False,(),,
2021/07/20/11:07:05.362440,10379,1626772027,36020040,,22.3824996948,0.49773812294,0.0,11.1406230927,0.0,0.0,0,0,0,False,(),,
2021/07/20/11:07:05.401093,10380,1626772027,75735092,,22.3824996948,0.491105079651,0.0,10.9921588898,0.0,0.0,0,0,0,False,(),,
2021/07/20/11:07:05.441529,10381,1626772027,115612030,,22.3824996948,0.484472006559,0.0,10.8436946869,0.0,0.0,0,0,0,False,(),,
2021/07/20/11:07:05.482164,10382,1626772027,155638933,,22.3824996948,0.49773812294,0.0,11.1406230927,0.0,0.0,0,0,0,False,(),,
2021/07/20/11:07:05.521406,10383,1626772027,195945024,,22.3824996948,0.491105079651,0.0,10.9921588898,0.0,0.0,0,0,0,False,(),,
2021/07/20/11:07:05.562273,10384,1626772027,236005067,,22.3824996948,0.484472006559,0.0,10.8436946869,0.0,0.0,0,0,0,False,(),,
2021/07/20/11:07:05.602098,10385,1626772027,276103019,,22.3608398438,0.49773812294,0.0,11.1298427582,0.0,0.0,0,0,0,False,(),,
2021/07/20/11:07:05.641383,10386,1626772027,315993070,,22.3824996948,0.491105079651,0.0,10.9921588898,0.0,0.0,0,0,0,False,(),,
2021/07/20/11:07:05.682905,10387,1626772027,356288909,,22.3824996948,0.49773812294,0.0,11.1406230927,0.0,0.0,0,0,0,False,(),,
2021/07/20/11:07:05.721388,10388,1626772027,395945072,,22.3824996948,0.491105079651,0.0,10.9921588898,0.0,0.0,0,0,0,False,(),,
2021/07/20/11:07:05.890250,10389,1626772027,435770034,,22.3608398438,0.484472006559,0.0,10.8332014084,0.0,0.0,0,0,0,False,(),,
2021/07/20/11:07:05.890273,10390,1626772027,475697040,,22.3824996948,0.491105079651,0.0,10.9921588898,0.0,0.0,0,0,0,False,(),,
2021/07/20/11:07:05.890299,10391,1626772027,515767097,,22.3608398438,0.484472006559,0.0,10.8332014084,0.0,0.0,0,0,0,False,(),,
2021/07/20/11:07:05.890319,10392,1626772027,555923938,,22.3824996948,0.484472006559,0.0,10.8436946869,0.0,0.0,0,0,0,False,(),,
2021/07/20/11:07:05.921587,10393,1626772027,595721960,,22.3824996948,0.49773812294,0.0,11.1406230927,0.0,0.0,0,0,0,False,(),,
2021/07/20/11:07:05.962415,10394,1626772027,635936021,,22.3824996948,0.49773812294,0.0,11.1406230927,0.0,0.0,0,0,0,False,(),,
2021/07/20/11:07:06.001451,10395,1626772027,675892114,,22.3608398438,0.484472006559,0.0,10.8332014084,0.0,0.0,0,0,0,False,(),,
2021/07/20/11:07:06.041801,10396,1626772027,715676069,,22.3824996948,0.484472006559,0.0,10.8436946869,0.0,0.0,0,0,0,False,(),,
2021/07/20/11:07:06.082036,10397,1626772027,755970954,,22.3608398438,0.491105079651,0.0,10.9815216064,0.0,0.0,0,0,0,False,(),,
2021/07/20/11:07:06.121671,10398,1626772027,795947074,,22.3824996948,0.491105079651,0.0,10.9921588898,0.0,0.0,0,0,0,False,(),,
2021/07/20/11:07:06.162589,10399,1626772027,836229085,,22.3824996948,0.49773812294,0.0,11.1406230927,0.0,0.0,0,0,0,False,(),,
2021/07/20/11:07:06.201781,10400,1626772027,875965118,,22.3824996948,0.491105079651,0.0,10.9921588898,0.0,0.0,0,0,0,False,(),,
2021/07/20/11:07:06.240946,10401,1626772027,915616989,,22.3608398438,0.491105079651,0.0,10.9815216064,0.0,0.0,0,0,0,False,(),,
2021/07/20/11:07:06.281777,10402,1626772027,955364942,,22.3608398438,0.49773812294,0.0,11.1298427582,0.0,0.0,0,0,0,False,(),,
2021/07/20/11:07:06.321795,10403,1626772027,995884895,,22.3824996948,0.484472006559,0.0,10.8436946869,0.0,0.0,0,0,0,False,(),,
2021/07/20/11:07:06.360960,10404,1626772028,35559892,,22.3608398438,0.491105079651,0.0,10.9815216064,0.0,0.0,0,0,0,False,(),,
2021/07/20/11:07:06.401819,10405,1626772028,76313972,,22.3608398438,0.491105079651,0.0,10.9815216064,0.0,0.0,0,0,0,False,(),,
2021/07/20/11:07:06.441902,10406,1626772028,115927934,,22.3824996948,0.504371166229,0.0,11.2890882492,0.0,0.0,0,0,0,False,(),,
2021/07/20/11:07:06.483700,10407,1626772028,155963897,,22.3824996948,0.491105079651,0.0,10.9921588898,0.0,0.0,0,0,0,False,(),,
2021/07/20/11:07:06.521108,10408,1626772028,195585012,,22.3824996948,0.491105079651,0.0,10.9921588898,0.0,0.0,0,0,0,False,(),,
2021/07/20/11:07:06.560685,10409,1626772028,235578060,,22.3824996948,0.484472006559,0.0,10.8436946869,0.0,0.0,0,0,0,False,(),,
2021/07/20/11:07:06.601186,10410,1626772028,275712013,,22.3824996948,0.484472006559,0.0,10.8436946869,0.0,0.0,0,0,0,False,(),,
2021/07/20/11:07:06.642303,10411,1626772028,316061973,,22.3608398438,0.484472006559,0.0,10.8332014084,0.0,0.0,0,0,0,False,(),,
2021/07/20/11:07:06.681769,10412,1626772028,355969905,,22.3824996948,0.49773812294,0.0,11.1406230927,0.0,0.0,0,0,0,False,(),,
2021/07/20/11:07:06.722184,10413,1626772028,395987033,,22.3608398438,0.49773812294,0.0,11.1298427582,0.0,0.0,0,0,0,False,(),,
2021/07/20/11:07:06.921184,10414,1626772028,435584068,,22.3824996948,0.484472006559,0.0,10.8436946869,0.0,0.0,0,0,0,False,(),,
2021/07/20/11:07:06.921200,10415,1626772028,475610971,,22.3824996948,0.484472006559,0.0,10.8436946869,0.0,0.0,0,0,0,False,(),,
2021/07/20/11:07:06.921205,10416,1626772028,515585899,,22.3608398438,0.49773812294,0.0,11.1298427582,0.0,0.0,0,0,0,False,(),,
2021/07/20/11:07:06.921211,10417,1626772028,555725097,,22.3608398438,0.47783896327,0.0,10.6848802567,0.0,0.0,0,0,0,False,(),,
2021/07/20/11:07:06.924128,10418,1626772028,595820903,,22.3824996948,0.491105079651,0.0,10.9921588898,0.0,0.0,0,0,0,False,(),,
2021/07/20/11:07:06.962503,10419,1626772028,635976076,,22.3824996948,0.49773812294,0.0,11.1406230927,0.0,0.0,0,0,0,False,(),,
2021/07/20/11:07:07.002445,10420,1626772028,675996065,,22.3824996948,0.491105079651,0.0,10.9921588898,0.0,0.0,0,0,0,False,(),,
2021/07/20/11:07:07.041960,10421,1626772028,715756893,,22.3608398438,0.49773812294,0.0,11.1298427582,0.0,0.0,0,0,0,False,(),,
2021/07/20/11:07:07.081795,10422,1626772028,756247043,,22.3824996948,0.484472006559,0.0,10.8436946869,0.0,0.0,0,0,0,False,(),,
2021/07/20/11:07:07.121946,10423,1626772028,795747995,,22.3608398438,0.49773812294,0.0,11.1298427582,0.0,0.0,0,0,0,False,(),,
2021/07/20/11:07:07.161988,10424,1626772028,836002111,,22.3824996948,0.504371166229,0.0,11.2890882492,0.0,0.0,0,0,0,False,(),,
2021/07/20/11:07:07.201937,10425,1626772028,876391887,,22.3608398438,0.491105079651,0.0,10.9815216064,0.0,0.0,0,0,0,False,(),,
2021/07/20/11:07:07.241973,10426,1626772028,915965080,,22.3824996948,0.49773812294,0.0,11.1406230927,0.0,0.0,0,0,0,False,(),,
2021/07/20/11:07:07.283554,10427,1626772028,955949068,,22.3608398438,0.484472006559,0.0,10.8332014084,0.0,0.0,0,0,0,False,(),,
2021/07/20/11:07:07.322719,10428,1626772028,995804071,,22.3608398438,0.491105079651,0.0,10.9815216064,0.0,0.0,0,0,0,False,(),,
2021/07/20/11:07:07.361578,10429,1626772029,35829067,,22.3824996948,0.484472006559,0.0,10.8436946869,0.0,0.0,0,0,0,False,(),,
2021/07/20/11:07:07.402040,10430,1626772029,75875043,,22.3608398438,0.491105079651,0.0,10.9815216064,0.0,0.0,0,0,0,False,(),,
2021/07/20/11:07:07.441702,10431,1626772029,115988016,,22.3824996948,0.49773812294,0.0,11.1406230927,0.0,0.0,0,0,0,False,(),,
2021/07/20/11:07:07.483763,10432,1626772029,156056880,,22.3824996948,0.491105079651,0.0,10.9921588898,0.0,0.0,0,0,0,False,(),,
2021/07/20/11:07:07.522300,10433,1626772029,196099042,,22.3608398438,0.491105079651,0.0,10.9815216064,0.0,0.0,0,0,0,False,(),,
2021/07/20/11:07:07.566294,10434,1626772029,235905885,,22.3824996948,0.484472006559,0.0,10.8436946869,0.0,0.0,0,0,0,False,(),,
2021/07/20/11:07:07.602787,10435,1626772029,276036977,,22.3824996948,0.49773812294,0.0,11.1406230927,0.0,0.0,0,0,0,False,(),,
2021/07/20/11:07:07.643640,10436,1626772029,315845966,,22.3824996948,0.484472006559,0.0,10.8436946869,0.0,0.0,0,0,0,False,(),,
2021/07/20/11:07:07.682099,10437,1626772029,355906963,,22.3824996948,0.491105079651,0.0,10.9921588898,0.0,0.0,0,0,0,False,(),,
2021/07/20/11:07:07.722155,10438,1626772029,396167993,,22.3824996948,0.484472006559,0.0,10.8436946869,0.0,0.0,0,0,0,False,(),,
2021/07/20/11:07:07.927885,10439,1626772029,435724020,,22.3608398438,0.491105079651,0.0,10.9815216064,0.0,0.0,0,0,0,False,(),,
2021/07/20/11:07:07.927912,10440,1626772029,476010084,,22.3824996948,0.47783896327,0.0,10.695230484,0.0,0.0,0,0,0,False,(),,
2021/07/20/11:07:07.927922,10441,1626772029,515599966,,22.3824996948,0.484472006559,0.0,10.8436946869,0.0,0.0,0,0,0,False,(),,
2021/07/20/11:07:07.927936,10442,1626772029,555963993,,22.3824996948,0.491105079651,0.0,10.9921588898,0.0,0.0,0,0,0,False,(),,
2021/07/20/11:07:07.927946,10443,1626772029,595743894,,22.3608398438,0.491105079651,0.0,10.9815216064,0.0,0.0,0,0,0,False,(),,
2021/07/20/11:07:07.962155,10444,1626772029,635754108,,22.3824996948,0.484472006559,0.0,10.8436946869,0.0,0.0,0,0,0,False,(),,
2021/07/20/11:07:08.008223,10445,1626772029,676691055,,22.3824996948,0.484472006559,0.0,10.8436946869,0.0,0.0,0,0,0,False,(),,
2021/07/20/11:07:08.042244,10446,1626772029,715631961,,22.3824996948,0.49773812294,0.0,11.1406230927,0.0,0.0,0,0,0,False,(),,
2021/07/20/11:07:08.082511,10447,1626772029,756082057,,22.3824996948,0.491105079651,0.0,10.9921588898,0.0,0.0,0,0,0,False,(),,
2021/07/20/11:07:08.122391,10448,1626772029,795891046,,22.3824996948,0.491105079651,0.0,10.9921588898,0.0,0.0,0,0,0,False,(),,
2021/07/20/11:07:08.162038,10449,1626772029,835947036,,22.3824996948,0.484472006559,0.0,10.8436946869,0.0,0.0,0,0,0,False,(),,
2021/07/20/11:07:08.206732,10450,1626772029,875857114,,22.3824996948,0.49773812294,0.0,11.1406230927,0.0,0.0,0,0,0,False,(),,
2021/07/20/11:07:08.241717,10451,1626772029,915987014,,22.3824996948,0.484472006559,0.0,10.8436946869,0.0,0.0,0,0,0,False,(),,
2021/07/20/11:07:08.282594,10452,1626772029,955785036,,22.3608398438,0.484472006559,0.0,10.8332014084,0.0,0.0,0,0,0,False,(),,
2021/07/20/11:07:08.321408,10453,1626772029,995834112,,22.3824996948,0.484472006559,0.0,10.8436946869,0.0,0.0,0,0,0,False,(),,
2021/07/20/11:07:08.362465,10454,1626772030,36041021,,22.3824996948,0.49773812294,0.0,11.1406230927,0.0,0.0,0,0,0,False,(),,
2021/07/20/11:07:08.402082,10455,1626772030,76021909,,22.3824996948,0.484472006559,0.0,10.8436946869,0.0,0.0,0,0,0,False,(),,
2021/07/20/11:07:08.441341,10456,1626772030,115919113,,22.3824996948,0.484472006559,0.0,10.8436946869,0.0,0.0,0,0,0,False,(),,
2021/07/20/11:07:08.481510,10457,1626772030,155751943,,22.3824996948,0.491105079651,0.0,10.9921588898,0.0,0.0,0,0,0,False,(),,
2021/07/20/11:07:08.527146,10458,1626772030,195764064,,22.3608398438,0.491105079651,0.0,10.9815216064,0.0,0.0,0,0,0,False,(),,
2021/07/20/11:07:08.561995,10459,1626772030,235946893,,22.3824996948,0.484472006559,0.0,10.8436946869,0.0,0.0,0,0,0,False,(),,
2021/07/20/11:07:08.602394,10460,1626772030,275959014,,22.3824996948,0.471205890179,0.0,10.5467653275,0.0,0.0,0,0,0,False,(),,
2021/07/20/11:07:08.642431,10461,1626772030,315983057,,22.3608398438,0.491105079651,0.0,10.9815216064,0.0,0.0,0,0,0,False,(),,
2021/07/20/11:07:08.681436,10462,1626772030,356014013,,22.3824996948,0.484472006559,0.0,10.8436946869,0.0,0.0,0,0,0,False,(),,
2021/07/20/11:07:08.721709,10463,1626772030,395680904,,22.3608398438,0.47783896327,0.0,10.6848802567,0.0,0.0,0,0,0,False,(),,
2021/07/20/11:07:08.941489,10464,1626772030,435729980,,22.3824996948,0.484472006559,0.0,10.8436946869,0.0,0.0,0,0,0,False,(),,
2021/07/20/11:07:08.941502,10465,1626772030,475986957,,22.3608398438,0.484472006559,0.0,10.8332014084,0.0,0.0,0,0,0,False,(),,
2021/07/20/11:07:08.941512,10466,1626772030,515955924,,22.3824996948,0.491105079651,0.0,10.9921588898,0.0,0.0,0,0,0,False,(),,
2021/07/20/11:07:08.941520,10467,1626772030,556274890,,22.3608398438,0.484472006559,0.0,10.8332014084,0.0,0.0,0,0,0,False,(),,
2021/07/20/11:07:08.941523,10468,1626772030,595797061,,22.3824996948,0.484472006559,0.0,10.8436946869,0.0,0.0,0,0,0,False,(),,
2021/07/20/11:07:08.962475,10469,1626772030,636224031,,22.3824996948,0.491105079651,0.0,10.9921588898,0.0,0.0,0,0,0,False,(),,
2021/07/20/11:07:09.001963,10470,1626772030,676006078,,22.3824996948,0.504371166229,0.0,11.2890882492,0.0,0.0,0,0,0,False,(),,
2021/07/20/11:07:09.041151,10471,1626772030,715743064,,22.3608398438,0.491105079651,0.0,10.9815216064,0.0,0.0,0,0,0,False,(),,
2021/07/20/11:07:09.081902,10472,1626772030,755587100,,22.3824996948,0.491105079651,0.0,10.9921588898,0.0,0.0,0,0,0,False,(),,
2021/07/20/11:07:09.121801,10473,1626772030,796030044,,22.3824996948,0.484472006559,0.0,10.8436946869,0.0,0.0,0,0,0,False,(),,
2021/07/20/11:07:09.162387,10474,1626772030,835542917,,22.3824996948,0.484472006559,0.0,10.8436946869,0.0,0.0,0,0,0,False,(),,
2021/07/20/11:07:09.202088,10475,1626772030,875961065,,22.3824996948,0.484472006559,0.0,10.8436946869,0.0,0.0,0,0,0,False,(),,
2021/07/20/11:07:09.242258,10476,1626772030,915997982,,22.3824996948,0.484472006559,0.0,10.8436946869,0.0,0.0,0,0,0,False,(),,
2021/07/20/11:07:09.282013,10477,1626772030,955965995,,22.3608398438,0.471205890179,0.0,10.5365600586,0.0,0.0,0,0,0,False,(),,
2021/07/20/11:07:09.321158,10478,1626772030,995593070,,22.3824996948,0.47783896327,0.0,10.695230484,0.0,0.0,0,0,0,False,(),,
2021/07/20/11:07:09.362119,10479,1626772031,35810947,,22.3824996948,0.491105079651,0.0,10.9921588898,0.0,0.0,0,0,0,False,(),,
2021/07/20/11:07:09.402051,10480,1626772031,76251983,,22.3824996948,0.484472006559,0.0,10.8436946869,0.0,0.0,0,0,0,False,(),,
2021/07/20/11:07:09.441504,10481,1626772031,115853071,,22.3824996948,0.47783896327,0.0,10.695230484,0.0,0.0,0,0,0,False,(),,
2021/07/20/11:07:09.481451,10482,1626772031,155983924,,22.3824996948,0.47783896327,0.0,10.695230484,0.0,0.0,0,0,0,False,(),,
2021/07/20/11:07:09.521499,10483,1626772031,195998907,,22.3608398438,0.484472006559,0.0,10.8332014084,0.0,0.0,0,0,0,False,(),,
2021/07/20/11:07:09.562035,10484,1626772031,235634088,,22.3824996948,0.484472006559,0.0,10.8436946869,0.0,0.0,0,0,0,False,(),,
2021/07/20/11:07:09.601862,10485,1626772031,276057958,,22.3608398438,0.491105079651,0.0,10.9815216064,0.0,0.0,0,0,0,False,(),,
2021/07/20/11:07:09.641997,10486,1626772031,315872907,,22.3824996948,0.491105079651,0.0,10.9921588898,0.0,0.0,0,0,0,False,(),,
2021/07/20/11:07:09.682881,10487,1626772031,356251001,,22.3824996948,0.49773812294,0.0,11.1406230927,0.0,0.0,0,0,0,False,(),,
2021/07/20/11:07:09.721755,10488,1626772031,395883083,,22.3608398438,0.484472006559,0.0,10.8332014084,0.0,0.0,0,0,0,False,(),,
2021/07/20/11:07:09.928166,10489,1626772031,436125993,,22.3824996948,0.484472006559,0.0,10.8436946869,0.0,0.0,0,0,0,False,(),,
2021/07/20/11:07:09.928181,10490,1626772031,476046085,,22.3824996948,0.47783896327,0.0,10.695230484,0.0,0.0,0,0,0,False,(),,
2021/07/20/11:07:09.928191,10491,1626772031,515613079,,22.3824996948,0.484472006559,0.0,10.8436946869,0.0,0.0,0,0,0,False,(),,
2021/07/20/11:07:09.928200,10492,1626772031,555859088,,22.3824996948,0.491105079651,0.0,10.9921588898,0.0,0.0,0,0,0,False,(),,
2021/07/20/11:07:09.928210,10493,1626772031,595923900,,22.3824996948,0.484472006559,0.0,10.8436946869,0.0,0.0,0,0,0,False,(),,
2021/07/20/11:07:09.962384,10494,1626772031,635888099,,22.3824996948,0.49773812294,0.0,11.1406230927,0.0,0.0,0,0,0,False,(),,
2021/07/20/11:07:10.001583,10495,1626772031,675964117,,22.3824996948,0.484472006559,0.0,10.8436946869,0.0,0.0,0,0,0,False,(),,
2021/07/20/11:07:10.041123,10496,1626772031,715780973,,22.3824996948,0.47783896327,0.0,10.695230484,0.0,0.0,0,0,0,False,(),,
2021/07/20/11:07:10.081317,10497,1626772031,755875110,,22.3824996948,0.47783896327,0.0,10.695230484,0.0,0.0,0,0,0,False,(),,
2021/07/20/11:07:10.122964,10498,1626772031,795607089,,22.3608398438,0.484472006559,0.0,10.8332014084,0.0,0.0,0,0,0,False,(),,
2021/07/20/11:07:10.164280,10499,1626772031,835654973,,22.3608398438,0.491105079651,0.0,10.9815216064,0.0,0.0,0,0,0,False,(),,
2021/07/20/11:07:10.202178,10500,1626772031,875981092,,22.3608398438,0.49773812294,0.0,11.1298427582,0.0,0.0,0,0,0,False,(),,
2021/07/20/11:07:10.240573,10501,1626772031,915436029,,22.3824996948,0.504371166229,0.0,11.2890882492,0.0,0.0,0,0,0,False,(),,
2021/07/20/11:07:10.281111,10502,1626772031,955256938,,22.3824996948,0.491105079651,0.0,10.9921588898,0.0,0.0,0,0,0,False,(),,
2021/07/20/11:07:10.321562,10503,1626772031,995594978,,22.3824996948,0.491105079651,0.0,10.9921588898,0.0,0.0,0,0,0,False,(),,
2021/07/20/11:07:10.361712,10504,1626772032,35703897,,22.3824996948,0.49773812294,0.0,11.1406230927,0.0,0.0,0,0,0,False,(),,
2021/07/20/11:07:10.401776,10505,1626772032,76066017,,22.3608398438,0.484472006559,0.0,10.8332014084,0.0,0.0,0,0,0,False,(),,
2021/07/20/11:07:10.441578,10506,1626772032,115885972,,22.3824996948,0.491105079651,0.0,10.9921588898,0.0,0.0,0,0,0,False,(),,
2021/07/20/11:07:10.482090,10507,1626772032,156050920,,22.3824996948,0.491105079651,0.0,10.9921588898,0.0,0.0,0,0,0,False,(),,
2021/07/20/11:07:10.522118,10508,1626772032,196069002,,22.3824996948,0.491105079651,0.0,10.9921588898,0.0,0.0,0,0,0,False,(),,
2021/07/20/11:07:10.562435,10509,1626772032,235810041,,22.3824996948,0.504371166229,0.0,11.2890882492,0.0,0.0,0,0,0,False,(),,
2021/07/20/11:07:10.601931,10510,1626772032,276014089,,22.3608398438,0.49773812294,0.0,11.1298427582,0.0,0.0,0,0,0,False,(),,
2021/07/20/11:07:10.641418,10511,1626772032,315963029,,22.3608398438,0.47783896327,0.0,10.6848802567,0.0,0.0,0,0,0,False,(),,
2021/07/20/11:07:10.682610,10512,1626772032,355770111,,22.3608398438,0.491105079651,0.0,10.9815216064,0.0,0.0,0,0,0,False,(),,
2021/07/20/11:07:10.722306,10513,1626772032,395927906,,22.3824996948,0.491105079651,0.0,10.9921588898,0.0,0.0,0,0,0,False,(),,
2021/07/20/11:07:10.927858,10514,1626772032,435952901,,22.3824996948,0.491105079651,0.0,10.9921588898,0.0,0.0,0,0,0,False,(),,
2021/07/20/11:07:10.927881,10515,1626772032,475617885,,22.3824996948,0.484472006559,0.0,10.8436946869,0.0,0.0,0,0,0,False,(),,
2021/07/20/11:07:10.927890,10516,1626772032,515753984,,22.3824996948,0.491105079651,0.0,10.9921588898,0.0,0.0,0,0,0,False,(),,
2021/07/20/11:07:10.927900,10517,1626772032,555902004,,22.3824996948,0.491105079651,0.0,10.9921588898,0.0,0.0,0,0,0,False,(),,
2021/07/20/11:07:10.927905,10518,1626772032,595784902,,22.3824996948,0.47783896327,0.0,10.695230484,0.0,0.0,0,0,0,False,(),,
2021/07/20/11:07:10.994236,10519,1626772032,635792016,,22.3824996948,0.484472006559,0.0,10.8436946869,0.0,0.0,0,0,0,False,(),,
2021/07/20/11:07:11.001562,10520,1626772032,675962924,,22.3608398438,0.484472006559,0.0,10.8332014084,0.0,0.0,0,0,0,False,(),,
2021/07/20/11:07:11.041684,10521,1626772032,715701103,,22.3824996948,0.504371166229,0.0,11.2890882492,0.0,0.0,0,0,0,False,(),,
2021/07/20/11:07:11.086888,10522,1626772032,756047964,,22.3824996948,0.484472006559,0.0,10.8436946869,0.0,0.0,0,0,0,False,(),,
2021/07/20/11:07:11.122010,10523,1626772032,796017885,,22.3824996948,0.49773812294,0.0,11.1406230927,0.0,0.0,0,0,0,False,(),,
2021/07/20/11:07:11.161123,10524,1626772032,835481882,,22.3824996948,0.49773812294,0.0,11.1406230927,0.0,0.0,0,0,0,False,(),,
2021/07/20/11:07:11.202551,10525,1626772032,875716924,,22.3824996948,0.491105079651,0.0,10.9921588898,0.0,0.0,0,0,0,False,(),,
2021/07/20/11:07:11.241815,10526,1626772032,915749073,,22.3608398438,0.49773812294,0.0,11.1298427582,0.0,0.0,0,0,0,False,(),,
2021/07/20/11:07:11.281782,10527,1626772032,955764055,,22.3608398438,0.484472006559,0.0,10.8332014084,0.0,0.0,0,0,0,False,(),,
2021/07/20/11:07:11.322446,10528,1626772032,996032953,,22.3608398438,0.491105079651,0.0,10.9815216064,0.0,0.0,0,0,0,False,(),,
2021/07/20/11:07:11.361491,10529,1626772033,35970926,,22.3824996948,0.491105079651,0.0,10.9921588898,0.0,0.0,0,0,0,False,(),,
2021/07/20/11:07:11.401758,10530,1626772033,75695991,,22.3824996948,0.484472006559,0.0,10.8436946869,0.0,0.0,0,0,0,False,(),,
2021/07/20/11:07:11.441736,10531,1626772033,116019010,,22.3824996948,0.491105079651,0.0,10.9921588898,0.0,0.0,0,0,0,False,(),,
2021/07/20/11:07:11.481695,10532,1626772033,156044006,,22.3824996948,0.484472006559,0.0,10.8436946869,0.0,0.0,0,0,0,False,(),,
2021/07/20/11:07:11.521874,10533,1626772033,195672035,,22.3824996948,0.484472006559,0.0,10.8436946869,0.0,0.0,0,0,0,False,(),,
2021/07/20/11:07:11.561401,10534,1626772033,235909938,,22.3824996948,0.471205890179,0.0,10.5467653275,0.0,0.0,0,0,0,False,(),,
2021/07/20/11:07:11.603018,10535,1626772033,275968074,,22.3824996948,0.484472006559,0.0,10.8436946869,0.0,0.0,0,0,0,False,(),,
2021/07/20/11:07:11.642137,10536,1626772033,316163063,,22.3824996948,0.491105079651,0.0,10.9921588898,0.0,0.0,0,0,0,False,(),,
2021/07/20/11:07:11.681792,10537,1626772033,355789899,,22.3824996948,0.47783896327,0.0,10.695230484,0.0,0.0,0,0,0,False,(),,
2021/07/20/11:07:11.723962,10538,1626772033,395936012,,22.3824996948,0.491105079651,0.0,10.9921588898,0.0,0.0,0,0,0,False,(),,
2021/07/20/11:07:11.932210,10539,1626772033,436058998,,22.3608398438,0.484472006559,0.0,10.8332014084,0.0,0.0,0,0,0,False,(),,
2021/07/20/11:07:11.932227,10540,1626772033,475579023,,22.3608398438,0.484472006559,0.0,10.8332014084,0.0,0.0,0,0,0,False,(),,
2021/07/20/11:07:11.932231,10541,1626772033,516180038,,22.3608398438,0.49773812294,0.0,11.1298427582,0.0,0.0,0,0,0,False,(),,
2021/07/20/11:07:11.932259,10542,1626772033,555979967,,22.3824996948,0.471205890179,0.0,10.5467653275,0.0,0.0,0,0,0,False,(),,
2021/07/20/11:07:11.932271,10543,1626772033,595699071,,22.3824996948,0.484472006559,0.0,10.8436946869,0.0,0.0,0,0,0,False,(),,
2021/07/20/11:07:11.987480,10544,1626772033,635911941,,22.3824996948,0.484472006559,0.0,10.8436946869,0.0,0.0,0,0,0,False,(),,
2021/07/20/11:07:12.000862,10545,1626772033,675539016,,22.3608398438,0.491105079651,0.0,10.9815216064,0.0,0.0,0,0,0,False,(),,
2021/07/20/11:07:12.042265,10546,1626772033,715523958,,22.3824996948,0.491105079651,0.0,10.9921588898,0.0,0.0,0,0,0,False,(),,
2021/07/20/11:07:12.081838,10547,1626772033,755888938,,22.3608398438,0.49773812294,0.0,11.1298427582,0.0,0.0,0,0,0,False,(),,
2021/07/20/11:07:12.121718,10548,1626772033,796000003,,22.3608398438,0.491105079651,0.0,10.9815216064,0.0,0.0,0,0,0,False,(),,
2021/07/20/11:07:12.161687,10549,1626772033,835922002,,22.3608398438,0.491105079651,0.0,10.9815216064,0.0,0.0,0,0,0,False,(),,
2021/07/20/11:07:12.202361,10550,1626772033,876385927,,22.3608398438,0.491105079651,0.0,10.9815216064,0.0,0.0,0,0,0,False,(),,
2021/07/20/11:07:12.242286,10551,1626772033,915889978,,22.3608398438,0.49773812294,0.0,11.1298427582,0.0,0.0,0,0,0,False,(),,
2021/07/20/11:07:12.282391,10552,1626772033,955931901,,22.3608398438,0.49773812294,0.0,11.1298427582,0.0,0.0,0,0,0,False,(),,
2021/07/20/11:07:12.322154,10553,1626772033,995862007,,22.3824996948,0.47783896327,0.0,10.695230484,0.0,0.0,0,0,0,False,(),,
2021/07/20/11:07:12.362222,10554,1626772034,35862922,,22.3608398438,0.491105079651,0.0,10.9815216064,0.0,0.0,0,0,0,False,(),,
2021/07/20/11:07:12.404801,10555,1626772034,76056957,,22.3608398438,0.491105079651,0.0,10.9815216064,0.0,0.0,0,0,0,False,(),,
2021/07/20/11:07:12.441665,10556,1626772034,115966081,,22.3608398438,0.491105079651,0.0,10.9815216064,0.0,0.0,0,0,0,False,(),,
2021/07/20/11:07:12.482296,10557,1626772034,155776023,,22.3824996948,0.484472006559,0.0,10.8436946869,0.0,0.0,0,0,0,False,(),,
2021/07/20/11:07:12.521539,10558,1626772034,196257114,,22.3608398438,0.484472006559,0.0,10.8332014084,0.0,0.0,0,0,0,False,(),,
2021/07/20/11:07:12.562701,10559,1626772034,235557079,,22.3824996948,0.49773812294,0.0,11.1406230927,0.0,0.0,0,0,0,False,(),,
2021/07/20/11:07:12.602841,10560,1626772034,276242017,,22.3608398438,0.484472006559,0.0,10.8332014084,0.0,0.0,0,0,0,False,(),,
2021/07/20/11:07:12.642317,10561,1626772034,315800905,,22.3824996948,0.49773812294,0.0,11.1406230927,0.0,0.0,0,0,0,False,(),,
2021/07/20/11:07:12.687428,10562,1626772034,355972051,,22.3608398438,0.49773812294,0.0,11.1298427582,0.0,0.0,0,0,0,False,(),,
2021/07/20/11:07:12.722137,10563,1626772034,395952939,,22.3824996948,0.484472006559,0.0,10.8436946869,0.0,0.0,0,0,0,False,(),,
2021/07/20/11:07:12.932017,10564,1626772034,435623884,,22.3608398438,0.484472006559,0.0,10.8332014084,0.0,0.0,0,0,0,False,(),,
2021/07/20/11:07:12.932046,10565,1626772034,475620985,,22.3608398438,0.484472006559,0.0,10.8332014084,0.0,0.0,0,0,0,False,(),,
2021/07/20/11:07:12.932055,10566,1626772034,516016960,,22.3824996948,0.484472006559,0.0,10.8436946869,0.0,0.0,0,0,0,False,(),,
2021/07/20/11:07:12.932060,10567,1626772034,555624008,,22.3608398438,0.484472006559,0.0,10.8332014084,0.0,0.0,0,0,0,False,(),,
2021/07/20/11:07:12.932089,10568,1626772034,596033096,,22.3608398438,0.484472006559,0.0,10.8332014084,0.0,0.0,0,0,0,False,(),,
2021/07/20/11:07:12.961918,10569,1626772034,635984897,,22.3824996948,0.49773812294,0.0,11.1406230927,0.0,0.0,0,0,0,False,(),,
2021/07/20/11:07:13.002040,10570,1626772034,675873041,,22.3608398438,0.511004269123,0.0,11.426484108,0.0,0.0,0,0,0,False,(),,
2021/07/20/11:07:13.046155,10571,1626772034,716053009,,22.3824996948,0.49773812294,0.0,11.1406230927,0.0,0.0,0,0,0,False,(),,
2021/07/20/11:07:13.081783,10572,1626772034,755780935,,22.3824996948,0.491105079651,0.0,10.9921588898,0.0,0.0,0,0,0,False,(),,
2021/07/20/11:07:13.122359,10573,1626772034,795974969,,22.3608398438,0.491105079651,0.0,10.9815216064,0.0,0.0,0,0,0,False,(),,
2021/07/20/11:07:13.162712,10574,1626772034,835896968,,22.3824996948,0.491105079651,0.0,10.9921588898,0.0,0.0,0,0,0,False,(),,
2021/07/20/11:07:13.201800,10575,1626772034,875871896,,22.3824996948,0.484472006559,0.0,10.8436946869,0.0,0.0,0,0,0,False,(),,
2021/07/20/11:07:13.243900,10576,1626772034,915901899,,22.3608398438,0.484472006559,0.0,10.8332014084,0.0,0.0,0,0,0,False,(),,
2021/07/20/11:07:13.299383,10577,1626772034,955966949,,22.3608398438,0.491105079651,0.0,10.9815216064,0.0,0.0,0,0,0,False,(),,
2021/07/20/11:07:13.321237,10578,1626772034,995728015,,22.3608398438,0.491105079651,0.0,10.9815216064,0.0,0.0,0,0,0,False,(),,
2021/07/20/11:07:13.361977,10579,1626772035,35749912,,22.3608398438,0.491105079651,0.0,10.9815216064,0.0,0.0,0,0,0,False,(),,
2021/07/20/11:07:13.401749,10580,1626772035,76081991,,22.3824996948,0.491105079651,0.0,10.9921588898,0.0,0.0,0,0,0,False,(),,
2021/07/20/11:07:13.441877,10581,1626772035,115936040,,22.3824996948,0.491105079651,0.0,10.9921588898,0.0,0.0,0,0,0,False,(),,
2021/07/20/11:07:13.481568,10582,1626772035,155807971,,22.3608398438,0.504371166229,0.0,11.2781639099,0.0,0.0,0,0,0,False,(),,
2021/07/20/11:07:13.522673,10583,1626772035,195908069,,22.3824996948,0.491105079651,0.0,10.9921588898,0.0,0.0,0,0,0,False,(),,
2021/07/20/11:07:13.561169,10584,1626772035,235824108,,22.3608398438,0.49773812294,0.0,11.1298427582,0.0,0.0,0,0,0,False,(),,
2021/07/20/11:07:13.601707,10585,1626772035,276030063,,22.3608398438,0.491105079651,0.0,10.9815216064,0.0,0.0,0,0,0,False,(),,
2021/07/20/11:07:13.647706,10586,1626772035,315892934,,22.3608398438,0.49773812294,0.0,11.1298427582,0.0,0.0,0,0,0,False,(),,
2021/07/20/11:07:13.682249,10587,1626772035,356030941,,22.3824996948,0.49773812294,0.0,11.1406230927,0.0,0.0,0,0,0,False,(),,
2021/07/20/11:07:13.721974,10588,1626772035,395941972,,22.3824996948,0.49773812294,0.0,11.1406230927,0.0,0.0,0,0,0,False,(),,
2021/07/20/11:07:13.931971,10589,1626772035,435754060,,22.3824996948,0.484472006559,0.0,10.8436946869,0.0,0.0,0,0,0,False,(),,
2021/07/20/11:07:13.931986,10590,1626772035,475739955,,22.3824996948,0.484472006559,0.0,10.8436946869,0.0,0.0,0,0,0,False,(),,
2021/07/20/11:07:13.931992,10591,1626772035,515564918,,22.3608398438,0.484472006559,0.0,10.8332014084,0.0,0.0,0,0,0,False,(),,
2021/07/20/11:07:13.932004,10592,1626772035,555517911,,22.3608398438,0.491105079651,0.0,10.9815216064,0.0,0.0,0,0,0,False,(),,
2021/07/20/11:07:13.932015,10593,1626772035,595717906,,22.3608398438,0.484472006559,0.0,10.8332014084,0.0,0.0,0,0,0,False,(),,
2021/07/20/11:07:13.969854,10594,1626772035,635556936,,22.3608398438,0.491105079651,0.0,10.9815216064,0.0,0.0,0,0,0,False,(),,
2021/07/20/11:07:14.001620,10595,1626772035,675988912,,22.3824996948,0.504371166229,0.0,11.2890882492,0.0,0.0,0,0,0,False,(),,
2021/07/20/11:07:14.042107,10596,1626772035,716339111,,22.3608398438,0.491105079651,0.0,10.9815216064,0.0,0.0,0,0,0,False,(),,
2021/07/20/11:07:14.081996,10597,1626772035,755958080,,22.3608398438,0.491105079651,0.0,10.9815216064,0.0,0.0,0,0,0,False,(),,
2021/07/20/11:07:14.121360,10598,1626772035,795747995,,22.3824996948,0.491105079651,0.0,10.9921588898,0.0,0.0,0,0,0,False,(),,
2021/07/20/11:07:14.160990,10599,1626772035,835650920,,22.3608398438,0.491105079651,0.0,10.9815216064,0.0,0.0,0,0,0,False,(),,
2021/07/20/11:07:14.201495,10600,1626772035,875664949,,22.3608398438,0.491105079651,0.0,10.9815216064,0.0,0.0,0,0,0,False,(),,
2021/07/20/11:07:14.240749,10601,1626772035,915466070,,22.3608398438,0.504371166229,0.0,11.2781639099,0.0,0.0,0,0,0,False,(),,
2021/07/20/11:07:14.281694,10602,1626772035,955658912,,22.3824996948,0.49773812294,0.0,11.1406230927,0.0,0.0,0,0,0,False,(),,
2021/07/20/11:07:14.322390,10603,1626772035,995907068,,22.3608398438,0.504371166229,0.0,11.2781639099,0.0,0.0,0,0,0,False,(),,
2021/07/20/11:07:14.364383,10604,1626772036,35479068,,22.3824996948,0.491105079651,0.0,10.9921588898,0.0,0.0,0,0,0,False,(),,
2021/07/20/11:07:14.401107,10605,1626772036,75722932,,22.3824996948,0.484472006559,0.0,10.8436946869,0.0,0.0,0,0,0,False,(),,
2021/07/20/11:07:14.441864,10606,1626772036,115598917,,22.3824996948,0.504371166229,0.0,11.2890882492,0.0,0.0,0,0,0,False,(),,
2021/07/20/11:07:14.481737,10607,1626772036,155932903,,22.3824996948,0.49773812294,0.0,11.1406230927,0.0,0.0,0,0,0,False,(),,
2021/07/20/11:07:14.522095,10608,1626772036,196023941,,22.3824996948,0.49773812294,0.0,11.1406230927,0.0,0.0,0,0,0,False,(),,
2021/07/20/11:07:14.562296,10609,1626772036,235847949,,22.3608398438,0.484472006559,0.0,10.8332014084,0.0,0.0,0,0,0,False,(),,
2021/07/20/11:07:14.602640,10610,1626772036,276129007,,22.3608398438,0.49773812294,0.0,11.1298427582,0.0,0.0,0,0,0,False,(),,
2021/07/20/11:07:14.642359,10611,1626772036,315843105,,22.3824996948,0.484472006559,0.0,10.8436946869,0.0,0.0,0,0,0,False,(),,
2021/07/20/11:07:14.682444,10612,1626772036,355999946,,22.3824996948,0.484472006559,0.0,10.8436946869,0.0,0.0,0,0,0,False,(),,
2021/07/20/11:07:14.721570,10613,1626772036,395574092,,22.3824996948,0.491105079651,0.0,10.9921588898,0.0,0.0,0,0,0,False,(),,
2021/07/20/11:07:14.931804,10614,1626772036,435961008,,22.3608398438,0.491105079651,0.0,10.9815216064,0.0,0.0,0,0,0,False,(),,
2021/07/20/11:07:14.931815,10615,1626772036,475689888,,22.3824996948,0.491105079651,0.0,10.9921588898,0.0,0.0,0,0,0,False,(),,
2021/07/20/11:07:14.931921,10616,1626772036,515995979,,22.3824996948,0.484472006559,0.0,10.8436946869,0.0,0.0,0,0,0,False,(),,
2021/07/20/11:07:14.931931,10617,1626772036,555587053,,22.3824996948,0.491105079651,0.0,10.9921588898,0.0,0.0,0,0,0,False,(),,
2021/07/20/11:07:14.931943,10618,1626772036,595892906,,22.3824996948,0.491105079651,0.0,10.9921588898,0.0,0.0,0,0,0,False,(),,
2021/07/20/11:07:14.995046,10619,1626772036,635751962,,22.3608398438,0.484472006559,0.0,10.8332014084,0.0,0.0,0,0,0,False,(),,
2021/07/20/11:07:15.001619,10620,1626772036,675775051,,22.3608398438,0.491105079651,0.0,10.9815216064,0.0,0.0,0,0,0,False,(),,
2021/07/20/11:07:15.042386,10621,1626772036,716063976,,22.3608398438,0.504371166229,0.0,11.2781639099,0.0,0.0,0,0,0,False,(),,
2021/07/20/11:07:15.081199,10622,1626772036,755698919,,22.3824996948,0.49773812294,0.0,11.1406230927,0.0,0.0,0,0,0,False,(),,
2021/07/20/11:07:15.122160,10623,1626772036,796194076,,22.3824996948,0.491105079651,0.0,10.9921588898,0.0,0.0,0,0,0,False,(),,
2021/07/20/11:07:15.162499,10624,1626772036,835900068,,22.3608398438,0.504371166229,0.0,11.2781639099,0.0,0.0,0,0,0,False,(),,
2021/07/20/11:07:15.202827,10625,1626772036,876089096,,22.3824996948,0.49773812294,0.0,11.1406230927,0.0,0.0,0,0,0,False,(),,
2021/07/20/11:07:15.241975,10626,1626772036,916068077,,22.3824996948,0.484472006559,0.0,10.8436946869,0.0,0.0,0,0,0,False,(),,
2021/07/20/11:07:15.282690,10627,1626772036,955854892,,22.3608398438,0.484472006559,0.0,10.8332014084,0.0,0.0,0,0,0,False,(),,
2021/07/20/11:07:15.322699,10628,1626772036,995798110,,22.3608398438,0.49773812294,0.0,11.1298427582,0.0,0.0,0,0,0,False,(),,
2021/07/20/11:07:15.361599,10629,1626772037,36047935,,22.3824996948,0.49773812294,0.0,11.1406230927,0.0,0.0,0,0,0,False,(),,
2021/07/20/11:07:15.401235,10630,1626772037,75629949,,22.3824996948,0.49773812294,0.0,11.1406230927,0.0,0.0,0,0,0,False,(),,
2021/07/20/11:07:15.441942,10631,1626772037,116022109,,22.3824996948,0.49773812294,0.0,11.1406230927,0.0,0.0,0,0,0,False,(),,
2021/07/20/11:07:15.482315,10632,1626772037,155968904,,22.3608398438,0.491105079651,0.0,10.9815216064,0.0,0.0,0,0,0,False,(),,
2021/07/20/11:07:15.521523,10633,1626772037,195941925,,22.3824996948,0.504371166229,0.0,11.2890882492,0.0,0.0,0,0,0,False,(),,
2021/07/20/11:07:15.562239,10634,1626772037,235969066,,22.3608398438,0.491105079651,0.0,10.9815216064,0.0,0.0,0,0,0,False,(),,
2021/07/20/11:07:15.601430,10635,1626772037,276000022,,22.3824996948,0.491105079651,0.0,10.9921588898,0.0,0.0,0,0,0,False,(),,
2021/07/20/11:07:15.648802,10636,1626772037,315686941,,22.3824996948,0.49773812294,0.0,11.1406230927,0.0,0.0,0,0,0,False,(),,
2021/07/20/11:07:15.682111,10637,1626772037,355827093,,22.3824996948,0.49773812294,0.0,11.1406230927,0.0,0.0,0,0,0,False,(),,
2021/07/20/11:07:15.721778,10638,1626772037,396255970,,22.3824996948,0.491105079651,0.0,10.9921588898,0.0,0.0,0,0,0,False,(),,
2021/07/20/11:07:15.936410,10639,1626772037,435786008,,22.3824996948,0.491105079651,0.0,10.9921588898,0.0,0.0,0,0,0,False,(),,
2021/07/20/11:07:15.936427,10640,1626772037,475956916,,22.3608398438,0.491105079651,0.0,10.9815216064,0.0,0.0,0,0,0,False,(),,
2021/07/20/11:07:15.936436,10641,1626772037,515872955,,22.3608398438,0.47783896327,0.0,10.6848802567,0.0,0.0,0,0,0,False,(),,
2021/07/20/11:07:15.936444,10642,1626772037,555927038,,22.3608398438,0.484472006559,0.0,10.8332014084,0.0,0.0,0,0,0,False,(),,
2021/07/20/11:07:15.936450,10643,1626772037,595679998,,22.3824996948,0.49773812294,0.0,11.1406230927,0.0,0.0,0,0,0,False,(),,
2021/07/20/11:07:15.967352,10644,1626772037,635869026,,22.3824996948,0.49773812294,0.0,11.1406230927,0.0,0.0,0,0,0,False,(),,
2021/07/20/11:07:16.002175,10645,1626772037,676198005,,22.3824996948,0.504371166229,0.0,11.2890882492,0.0,0.0,0,0,0,False,(),,
2021/07/20/11:07:16.042212,10646,1626772037,716183900,,22.3608398438,0.49773812294,0.0,11.1298427582,0.0,0.0,0,0,0,False,(),,
2021/07/20/11:07:16.082472,10647,1626772037,755791902,,22.3608398438,0.49773812294,0.0,11.1298427582,0.0,0.0,0,0,0,False,(),,
2021/07/20/11:07:16.122475,10648,1626772037,795958995,,22.3824996948,0.49773812294,0.0,11.1406230927,0.0,0.0,0,0,0,False,(),,
2021/07/20/11:07:16.161776,10649,1626772037,836357116,,22.3824996948,0.49773812294,0.0,11.1406230927,0.0,0.0,0,0,0,False,(),,
2021/07/20/11:07:16.207075,10650,1626772037,875657081,,22.3824996948,0.491105079651,0.0,10.9921588898,0.0,0.0,0,0,0,False,(),,
2021/07/20/11:07:16.240746,10651,1626772037,915462970,,22.3824996948,0.49773812294,0.0,11.1406230927,0.0,0.0,0,0,0,False,(),,
2021/07/20/11:07:16.281888,10652,1626772037,956042051,,22.3824996948,0.517637312412,0.0,11.586016655,0.0,0.0,0,0,0,False,(),,
2021/07/20/11:07:16.322367,10653,1626772037,996148109,,22.3824996948,0.49773812294,0.0,11.1406230927,0.0,0.0,0,0,0,False,(),,
2021/07/20/11:07:16.361422,10654,1626772038,36020994,,22.3824996948,0.491105079651,0.0,10.9921588898,0.0,0.0,0,0,0,False,(),,
2021/07/20/11:07:16.401190,10655,1626772038,75743913,,22.3608398438,0.491105079651,0.0,10.9815216064,0.0,0.0,0,0,0,False,(),,
2021/07/20/11:07:16.442158,10656,1626772038,115751028,,22.3608398438,0.49773812294,0.0,11.1298427582,0.0,0.0,0,0,0,False,(),,
2021/07/20/11:07:16.482542,10657,1626772038,156111001,,22.3608398438,0.491105079651,0.0,10.9815216064,0.0,0.0,0,0,0,False,(),,
2021/07/20/11:07:16.521437,10658,1626772038,195910930,,22.3608398438,0.484472006559,0.0,10.8332014084,0.0,0.0,0,0,0,False,(),,
2021/07/20/11:07:16.562160,10659,1626772038,235923051,,22.3824996948,0.49773812294,0.0,11.1406230927,0.0,0.0,0,0,0,False,(),,
2021/07/20/11:07:16.602344,10660,1626772038,275643110,,22.3608398438,0.47783896327,0.0,10.6848802567,0.0,0.0,0,0,0,False,(),,
2021/07/20/11:07:16.641674,10661,1626772038,315705060,,22.3608398438,0.491105079651,0.0,10.9815216064,0.0,0.0,0,0,0,False,(),,
2021/07/20/11:07:16.682656,10662,1626772038,356252908,,22.3824996948,0.484472006559,0.0,10.8436946869,0.0,0.0,0,0,0,False,(),,
2021/07/20/11:07:16.722638,10663,1626772038,395932912,,22.3608398438,0.49773812294,0.0,11.1298427582,0.0,0.0,0,0,0,False,(),,
2021/07/20/11:07:16.931832,10664,1626772038,436022043,,22.3824996948,0.49773812294,0.0,11.1406230927,0.0,0.0,0,0,0,False,(),,
2021/07/20/11:07:16.931847,10665,1626772038,475792884,,22.3824996948,0.49773812294,0.0,11.1406230927,0.0,0.0,0,0,0,False,(),,
2021/07/20/11:07:16.931854,10666,1626772038,515974044,,22.3608398438,0.47783896327,0.0,10.6848802567,0.0,0.0,0,0,0,False,(),,
2021/07/20/11:07:16.931874,10667,1626772038,555777072,,22.3824996948,0.49773812294,0.0,11.1406230927,0.0,0.0,0,0,0,False,(),,
2021/07/20/11:07:16.931879,10668,1626772038,596029043,,22.3824996948,0.491105079651,0.0,10.9921588898,0.0,0.0,0,0,0,False,(),,
2021/07/20/11:07:16.961804,10669,1626772038,635710000,,22.3608398438,0.504371166229,0.0,11.2781639099,0.0,0.0,0,0,0,False,(),,
2021/07/20/11:07:17.002059,10670,1626772038,676012039,,22.3608398438,0.49773812294,0.0,11.1298427582,0.0,0.0,0,0,0,False,(),,
2021/07/20/11:07:17.050684,10671,1626772038,716012954,,22.3824996948,0.484472006559,0.0,10.8436946869,0.0,0.0,0,0,0,False,(),,
2021/07/20/11:07:17.082459,10672,1626772038,756258010,,22.3608398438,0.491105079651,0.0,10.9815216064,0.0,0.0,0,0,0,False,(),,
2021/07/20/11:07:17.121409,10673,1626772038,795855045,,22.3824996948,0.49773812294,0.0,11.1406230927,0.0,0.0,0,0,0,False,(),,
2021/07/20/11:07:17.161305,10674,1626772038,835638999,,22.3824996948,0.491105079651,0.0,10.9921588898,0.0,0.0,0,0,0,False,(),,
2021/07/20/11:07:17.201731,10675,1626772038,875793933,,22.3608398438,0.47783896327,0.0,10.6848802567,0.0,0.0,0,0,0,False,(),,
2021/07/20/11:07:17.242380,10676,1626772038,915899038,,22.3824996948,0.491105079651,0.0,10.9921588898,0.0,0.0,0,0,0,False,(),,
2021/07/20/11:07:17.281432,10677,1626772038,956026077,,22.3824996948,0.49773812294,0.0,11.1406230927,0.0,0.0,0,0,0,False,(),,
2021/07/20/11:07:17.327108,10678,1626772038,995933055,,22.3824996948,0.491105079651,0.0,10.9921588898,0.0,0.0,0,0,0,False,(),,
2021/07/20/11:07:17.361430,10679,1626772039,35917997,,22.3608398438,0.491105079651,0.0,10.9815216064,0.0,0.0,0,0,0,False,(),,
2021/07/20/11:07:17.402057,10680,1626772039,75726985,,22.3608398438,0.491105079651,0.0,10.9815216064,0.0,0.0,0,0,0,False,(),,
2021/07/20/11:07:17.441735,10681,1626772039,115896940,,22.3608398438,0.491105079651,0.0,10.9815216064,0.0,0.0,0,0,0,False,(),,
2021/07/20/11:07:17.482324,10682,1626772039,156344890,,22.3608398438,0.49773812294,0.0,11.1298427582,0.0,0.0,0,0,0,False,(),,
2021/07/20/11:07:17.527356,10683,1626772039,195755004,,22.3608398438,0.491105079651,0.0,10.9815216064,0.0,0.0,0,0,0,False,(),,
2021/07/20/11:07:17.561884,10684,1626772039,236095905,,22.3824996948,0.491105079651,0.0,10.9921588898,0.0,0.0,0,0,0,False,(),,
2021/07/20/11:07:17.603263,10685,1626772039,276334047,,22.3824996948,0.491105079651,0.0,10.9921588898,0.0,0.0,0,0,0,False,(),,
2021/07/20/11:07:17.641377,10686,1626772039,315947055,,22.3608398438,0.491105079651,0.0,10.9815216064,0.0,0.0,0,0,0,False,(),,
2021/07/20/11:07:17.682322,10687,1626772039,355879068,,22.3824996948,0.484472006559,0.0,10.8436946869,0.0,0.0,0,0,0,False,(),,
2021/07/20/11:07:17.722049,10688,1626772039,395982980,,22.3824996948,0.491105079651,0.0,10.9921588898,0.0,0.0,0,0,0,False,(),,
2021/07/20/11:07:17.932688,10689,1626772039,435781955,,22.3824996948,0.484472006559,0.0,10.8436946869,0.0,0.0,0,0,0,False,(),,
2021/07/20/11:07:17.932708,10690,1626772039,475989103,,22.3608398438,0.484472006559,0.0,10.8332014084,0.0,0.0,0,0,0,False,(),,
2021/07/20/11:07:17.932734,10691,1626772039,515588998,,22.3824996948,0.484472006559,0.0,10.8436946869,0.0,0.0,0,0,0,False,(),,
2021/07/20/11:07:17.932742,10692,1626772039,556210994,,22.3824996948,0.484472006559,0.0,10.8436946869,0.0,0.0,0,0,0,False,(),,
2021/07/20/11:07:17.932749,10693,1626772039,595937013,,22.3608398438,0.484472006559,0.0,10.8332014084,0.0,0.0,0,0,0,False,(),,
2021/07/20/11:07:17.964901,10694,1626772039,635649919,,22.3824996948,0.491105079651,0.0,10.9921588898,0.0,0.0,0,0,0,False,(),,
2021/07/20/11:07:18.002576,10695,1626772039,675898075,,22.3608398438,0.49773812294,0.0,11.1298427582,0.0,0.0,0,0,0,False,(),,
2021/07/20/11:07:18.042096,10696,1626772039,716085910,,22.3608398438,0.491105079651,0.0,10.9815216064,0.0,0.0,0,0,0,False,(),,
2021/07/20/11:07:18.082950,10697,1626772039,755692005,,22.3608398438,0.491105079651,0.0,10.9815216064,0.0,0.0,0,0,0,False,(),,
2021/07/20/11:07:18.122618,10698,1626772039,796116113,,22.3824996948,0.49773812294,0.0,11.1406230927,0.0,0.0,0,0,0,False,(),,
2021/07/20/11:07:18.162979,10699,1626772039,835745096,,22.3824996948,0.504371166229,0.0,11.2890882492,0.0,0.0,0,0,0,False,(),,
2021/07/20/11:07:18.202134,10700,1626772039,875904083,,22.3824996948,0.491105079651,0.0,10.9921588898,0.0,0.0,0,0,0,False,(),,
2021/07/20/11:07:18.241985,10701,1626772039,915498018,,22.3824996948,0.504371166229,0.0,11.2890882492,0.0,0.0,0,0,0,False,(),,
2021/07/20/11:07:18.281918,10702,1626772039,955574035,,22.3608398438,0.484472006559,0.0,10.8332014084,0.0,0.0,0,0,0,False,(),,
2021/07/20/11:07:18.321336,10703,1626772039,995738983,,22.3608398438,0.491105079651,0.0,10.9815216064,0.0,0.0,0,0,0,False,(),,
2021/07/20/11:07:18.361838,10704,1626772040,35780906,,22.3608398438,0.49773812294,0.0,11.1298427582,0.0,0.0,0,0,0,False,(),,
2021/07/20/11:07:18.401825,10705,1626772040,75762987,,22.3608398438,0.47783896327,0.0,10.6848802567,0.0,0.0,0,0,0,False,(),,
2021/07/20/11:07:18.444577,10706,1626772040,115943908,,22.3824996948,0.49773812294,0.0,11.1406230927,0.0,0.0,0,0,0,False,(),,
2021/07/20/11:07:18.481677,10707,1626772040,155972957,,22.3824996948,0.49773812294,0.0,11.1406230927,0.0,0.0,0,0,0,False,(),,
2021/07/20/11:07:18.522785,10708,1626772040,195877075,,22.3608398438,0.491105079651,0.0,10.9815216064,0.0,0.0,0,0,0,False,(),,
2021/07/20/11:07:18.561385,10709,1626772040,236016035,,22.3608398438,0.47783896327,0.0,10.6848802567,0.0,0.0,0,0,0,False,(),,
2021/07/20/11:07:18.602422,10710,1626772040,275630950,,22.3608398438,0.491105079651,0.0,10.9815216064,0.0,0.0,0,0,0,False,(),,
2021/07/20/11:07:18.641982,10711,1626772040,316001892,,22.3824996948,0.49773812294,0.0,11.1406230927,0.0,0.0,0,0,0,False,(),,
2021/07/20/11:07:18.681992,10712,1626772040,355766057,,22.3608398438,0.491105079651,0.0,10.9815216064,0.0,0.0,0,0,0,False,(),,
2021/07/20/11:07:18.721241,10713,1626772040,396075963,,22.3824996948,0.491105079651,0.0,10.9921588898,0.0,0.0,0,0,0,False,(),,
2021/07/20/11:07:18.908576,10714,1626772040,435512065,,22.3824996948,0.491105079651,0.0,10.9921588898,0.0,0.0,0,0,0,False,(),,
2021/07/20/11:07:18.908591,10715,1626772040,475963115,,22.3608398438,0.484472006559,0.0,10.8332014084,0.0,0.0,0,0,0,False,(),,
2021/07/20/11:07:18.908600,10716,1626772040,515927076,,22.3608398438,0.491105079651,0.0,10.9815216064,0.0,0.0,0,0,0,False,(),,
2021/07/20/11:07:18.908605,10717,1626772040,555867910,,22.3608398438,0.491105079651,0.0,10.9815216064,0.0,0.0,0,0,0,False,(),,
2021/07/20/11:07:18.922531,10718,1626772040,595761060,,22.3824996948,0.491105079651,0.0,10.9921588898,0.0,0.0,0,0,0,False,(),,
2021/07/20/11:07:18.961267,10719,1626772040,635868072,,22.3824996948,0.49773812294,0.0,11.1406230927,0.0,0.0,0,0,0,False,(),,
2021/07/20/11:07:19.001948,10720,1626772040,675657033,,22.3608398438,0.491105079651,0.0,10.9815216064,0.0,0.0,0,0,0,False,(),,
2021/07/20/11:07:19.042089,10721,1626772040,715778112,,22.3824996948,0.491105079651,0.0,10.9921588898,0.0,0.0,0,0,0,False,(),,
2021/07/20/11:07:19.082288,10722,1626772040,756131887,,22.3824996948,0.49773812294,0.0,11.1406230927,0.0,0.0,0,0,0,False,(),,
2021/07/20/11:07:19.121824,10723,1626772040,796013116,,22.3608398438,0.484472006559,0.0,10.8332014084,0.0,0.0,0,0,0,False,(),,
2021/07/20/11:07:19.166829,10724,1626772040,835629940,,22.3824996948,0.484472006559,0.0,10.8436946869,0.0,0.0,0,0,0,False,(),,
2021/07/20/11:07:19.201667,10725,1626772040,876034975,,22.3824996948,0.491105079651,0.0,10.9921588898,0.0,0.0,0,0,0,False,(),,
2021/07/20/11:07:19.241591,10726,1626772040,916147947,,22.3608398438,0.484472006559,0.0,10.8332014084,0.0,0.0,0,0,0,False,(),,
2021/07/20/11:07:19.283039,10727,1626772040,955760002,,22.3824996948,0.484472006559,0.0,10.8436946869,0.0,0.0,0,0,0,False,(),,
2021/07/20/11:07:19.321947,10728,1626772040,996031045,,22.3608398438,0.491105079651,0.0,10.9815216064,0.0,0.0,0,0,0,False,(),,
2021/07/20/11:07:19.361895,10729,1626772041,35890102,,22.3824996948,0.491105079651,0.0,10.9921588898,0.0,0.0,0,0,0,False,(),,
2021/07/20/11:07:19.402002,10730,1626772041,76010942,,22.3824996948,0.49773812294,0.0,11.1406230927,0.0,0.0,0,0,0,False,(),,
2021/07/20/11:07:19.441759,10731,1626772041,115859031,,22.3608398438,0.484472006559,0.0,10.8332014084,0.0,0.0,0,0,0,False,(),,
2021/07/20/11:07:19.481938,10732,1626772041,155914068,,22.3824996948,0.484472006559,0.0,10.8436946869,0.0,0.0,0,0,0,False,(),,
2021/07/20/11:07:19.522581,10733,1626772041,195908069,,22.3608398438,0.484472006559,0.0,10.8332014084,0.0,0.0,0,0,0,False,(),,
2021/07/20/11:07:19.562154,10734,1626772041,236660003,,22.3608398438,0.49773812294,0.0,11.1298427582,0.0,0.0,0,0,0,False,(),,
2021/07/20/11:07:19.602198,10735,1626772041,276053905,,22.3824996948,0.491105079651,0.0,10.9921588898,0.0,0.0,0,0,0,False,(),,
2021/07/20/11:07:19.641282,10736,1626772041,315777063,,22.3824996948,0.47783896327,0.0,10.695230484,0.0,0.0,0,0,0,False,(),,
2021/07/20/11:07:19.680993,10737,1626772041,355678081,,22.3824996948,0.484472006559,0.0,10.8436946869,0.0,0.0,0,0,0,False,(),,
2021/07/20/11:07:19.721028,10738,1626772041,395683050,,22.3608398438,0.484472006559,0.0,10.8332014084,0.0,0.0,0,0,0,False,(),,
2021/07/20/11:07:19.927926,10739,1626772041,435578107,,22.3824996948,0.484472006559,0.0,10.8436946869,0.0,0.0,0,0,0,False,(),,
2021/07/20/11:07:19.927942,10740,1626772041,475872993,,22.3608398438,0.484472006559,0.0,10.8332014084,0.0,0.0,0,0,0,False,(),,
2021/07/20/11:07:19.927948,10741,1626772041,515876054,,22.3608398438,0.484472006559,0.0,10.8332014084,0.0,0.0,0,0,0,False,(),,
2021/07/20/11:07:19.927957,10742,1626772041,555965900,,22.3608398438,0.491105079651,0.0,10.9815216064,0.0,0.0,0,0,0,False,(),,
2021/07/20/11:07:19.927972,10743,1626772041,595755100,,22.3824996948,0.484472006559,0.0,10.8436946869,0.0,0.0,0,0,0,False,(),,
2021/07/20/11:07:19.961995,10744,1626772041,635943889,,22.3824996948,0.491105079651,0.0,10.9921588898,0.0,0.0,0,0,0,False,(),,
2021/07/20/11:07:20.002780,10745,1626772041,675795078,,22.3824996948,0.504371166229,0.0,11.2890882492,0.0,0.0,0,0,0,False,(),,
2021/07/20/11:07:20.043481,10746,1626772041,716038942,,22.3824996948,0.491105079651,0.0,10.9921588898,0.0,0.0,0,0,0,False,(),,
2021/07/20/11:07:20.083636,10747,1626772041,756182909,,22.3608398438,0.49773812294,0.0,11.1298427582,0.0,0.0,0,0,0,False,(),,
2021/07/20/11:07:20.122391,10748,1626772041,795994043,,22.3608398438,0.491105079651,0.0,10.9815216064,0.0,0.0,0,0,0,False,(),,
2021/07/20/11:07:20.161204,10749,1626772041,835892915,,22.3824996948,0.484472006559,0.0,10.8436946869,0.0,0.0,0,0,0,False,(),,
2021/07/20/11:07:20.201658,10750,1626772041,875617027,,22.3824996948,0.491105079651,0.0,10.9921588898,0.0,0.0,0,0,0,False,(),,
2021/07/20/11:07:20.241963,10751,1626772041,915913105,,22.3824996948,0.491105079651,0.0,10.9921588898,0.0,0.0,0,0,0,False,(),,
2021/07/20/11:07:20.282350,10752,1626772041,955794095,,22.3608398438,0.504371166229,0.0,11.2781639099,0.0,0.0,0,0,0,False,(),,
2021/07/20/11:07:20.322482,10753,1626772041,996030092,,22.3824996948,0.484472006559,0.0,10.8436946869,0.0,0.0,0,0,0,False,(),,
2021/07/20/11:07:20.363200,10754,1626772042,35732030,,22.3824996948,0.484472006559,0.0,10.8436946869,0.0,0.0,0,0,0,False,(),,
2021/07/20/11:07:20.405077,10755,1626772042,76072931,,22.3824996948,0.491105079651,0.0,10.9921588898,0.0,0.0,0,0,0,False,(),,
2021/07/20/11:07:20.442236,10756,1626772042,115664005,,22.3824996948,0.484472006559,0.0,10.8436946869,0.0,0.0,0,0,0,False,(),,
2021/07/20/11:07:20.482213,10757,1626772042,156152963,,22.3824996948,0.484472006559,0.0,10.8436946869,0.0,0.0,0,0,0,False,(),,
2021/07/20/11:07:20.522468,10758,1626772042,195981979,,22.3608398438,0.491105079651,0.0,10.9815216064,0.0,0.0,0,0,0,False,(),,
2021/07/20/11:07:20.562381,10759,1626772042,235924959,,22.3608398438,0.49773812294,0.0,11.1298427582,0.0,0.0,0,0,0,False,(),,
2021/07/20/11:07:20.601810,10760,1626772042,275811910,,22.3608398438,0.491105079651,0.0,10.9815216064,0.0,0.0,0,0,0,False,(),,
2021/07/20/11:07:20.641916,10761,1626772042,316016912,,22.3608398438,0.47783896327,0.0,10.6848802567,0.0,0.0,0,0,0,False,(),,
2021/07/20/11:07:20.681358,10762,1626772042,356082916,,22.3608398438,0.49773812294,0.0,11.1298427582,0.0,0.0,0,0,0,False,(),,
2021/07/20/11:07:20.727628,10763,1626772042,395720958,,22.3608398438,0.491105079651,0.0,10.9815216064,0.0,0.0,0,0,0,False,(),,
2021/07/20/11:07:20.923390,10764,1626772042,435756921,,22.3608398438,0.491105079651,0.0,10.9815216064,0.0,0.0,0,0,0,False,(),,
2021/07/20/11:07:20.923403,10765,1626772042,475958108,,22.3824996948,0.491105079651,0.0,10.9921588898,0.0,0.0,0,0,0,False,(),,
2021/07/20/11:07:20.923410,10766,1626772042,515588998,,22.3824996948,0.484472006559,0.0,10.8436946869,0.0,0.0,0,0,0,False,(),,
2021/07/20/11:07:20.923417,10767,1626772042,555845975,,22.3824996948,0.491105079651,0.0,10.9921588898,0.0,0.0,0,0,0,False,(),,
2021/07/20/11:07:20.923437,10768,1626772042,596028089,,22.3824996948,0.484472006559,0.0,10.8436946869,0.0,0.0,0,0,0,False,(),,
2021/07/20/11:07:20.962941,10769,1626772042,636003017,,22.3824996948,0.49773812294,0.0,11.1406230927,0.0,0.0,0,0,0,False,(),,
2021/07/20/11:07:21.001966,10770,1626772042,676116943,,22.3824996948,0.49773812294,0.0,11.1406230927,0.0,0.0,0,0,0,False,(),,
2021/07/20/11:07:21.041739,10771,1626772042,716028928,,22.3824996948,0.491105079651,0.0,10.9921588898,0.0,0.0,0,0,0,False,(),,
2021/07/20/11:07:21.081573,10772,1626772042,755898952,,22.3824996948,0.491105079651,0.0,10.9921588898,0.0,0.0,0,0,0,False,(),,
2021/07/20/11:07:21.121657,10773,1626772042,795955896,,22.3824996948,0.484472006559,0.0,10.8436946869,0.0,0.0,0,0,0,False,(),,
2021/07/20/11:07:21.162164,10774,1626772042,836246967,,22.3824996948,0.49773812294,0.0,11.1406230927,0.0,0.0,0,0,0,False,(),,
2021/07/20/11:07:21.202346,10775,1626772042,875735044,,22.3824996948,0.491105079651,0.0,10.9921588898,0.0,0.0,0,0,0,False,(),,
2021/07/20/11:07:21.241913,10776,1626772042,916011095,,22.3608398438,0.491105079651,0.0,10.9815216064,0.0,0.0,0,0,0,False,(),,
2021/07/20/11:07:21.284992,10777,1626772042,955888032,,22.3824996948,0.484472006559,0.0,10.8436946869,0.0,0.0,0,0,0,False,(),,
2021/07/20/11:07:21.327220,10778,1626772042,995747089,,22.3824996948,0.484472006559,0.0,10.8436946869,0.0,0.0,0,0,0,False,(),,
2021/07/20/11:07:21.361502,10779,1626772043,35613059,,22.3824996948,0.491105079651,0.0,10.9921588898,0.0,0.0,0,0,0,False,(),,
2021/07/20/11:07:21.401622,10780,1626772043,75947046,,22.3608398438,0.484472006559,0.0,10.8332014084,0.0,0.0,0,0,0,False,(),,
2021/07/20/11:07:21.441941,10781,1626772043,115751028,,22.3824996948,0.49773812294,0.0,11.1406230927,0.0,0.0,0,0,0,False,(),,
2021/07/20/11:07:21.482838,10782,1626772043,156008005,,22.3608398438,0.491105079651,0.0,10.9815216064,0.0,0.0,0,0,0,False,(),,
2021/07/20/11:07:21.521896,10783,1626772043,195983886,,22.3608398438,0.484472006559,0.0,10.8332014084,0.0,0.0,0,0,0,False,(),,
2021/07/20/11:07:21.561492,10784,1626772043,235712051,,22.3608398438,0.484472006559,0.0,10.8332014084,0.0,0.0,0,0,0,False,(),,
2021/07/20/11:07:21.602001,10785,1626772043,276115894,,22.3824996948,0.504371166229,0.0,11.2890882492,0.0,0.0,0,0,0,False,(),,
2021/07/20/11:07:21.641153,10786,1626772043,315650939,,22.3824996948,0.47783896327,0.0,10.695230484,0.0,0.0,0,0,0,False,(),,
2021/07/20/11:07:21.682047,10787,1626772043,355983972,,22.3608398438,0.484472006559,0.0,10.8332014084,0.0,0.0,0,0,0,False,(),,
2021/07/20/11:07:21.725756,10788,1626772043,395960092,,22.3824996948,0.491105079651,0.0,10.9921588898,0.0,0.0,0,0,0,False,(),,
2021/07/20/11:07:21.928434,10789,1626772043,435619115,,22.3608398438,0.491105079651,0.0,10.9815216064,0.0,0.0,0,0,0,False,(),,
2021/07/20/11:07:21.928456,10790,1626772043,475888967,,22.3824996948,0.491105079651,0.0,10.9921588898,0.0,0.0,0,0,0,False,(),,
2021/07/20/11:07:21.928465,10791,1626772043,515974044,,22.3824996948,0.484472006559,0.0,10.8436946869,0.0,0.0,0,0,0,False,(),,
2021/07/20/11:07:21.928470,10792,1626772043,555794000,,22.3824996948,0.47783896327,0.0,10.695230484,0.0,0.0,0,0,0,False,(),,
2021/07/20/11:07:21.928487,10793,1626772043,595968961,,22.3824996948,0.484472006559,0.0,10.8436946869,0.0,0.0,0,0,0,False,(),,
2021/07/20/11:07:21.965352,10794,1626772043,635497093,,22.3824996948,0.47783896327,0.0,10.695230484,0.0,0.0,0,0,0,False,(),,
2021/07/20/11:07:22.002733,10795,1626772043,675714015,,22.3608398438,0.49773812294,0.0,11.1298427582,0.0,0.0,0,0,0,False,(),,
2021/07/20/11:07:22.041644,10796,1626772043,715692996,,22.3824996948,0.49773812294,0.0,11.1406230927,0.0,0.0,0,0,0,False,(),,
2021/07/20/11:07:22.082476,10797,1626772043,756019115,,22.3608398438,0.491105079651,0.0,10.9815216064,0.0,0.0,0,0,0,False,(),,
2021/07/20/11:07:22.121860,10798,1626772043,795896053,,22.3824996948,0.484472006559,0.0,10.8436946869,0.0,0.0,0,0,0,False,(),,
2021/07/20/11:07:22.162174,10799,1626772043,835722923,,22.3608398438,0.491105079651,0.0,10.9815216064,0.0,0.0,0,0,0,False,(),,
2021/07/20/11:07:22.201254,10800,1626772043,875935077,,22.3608398438,0.484472006559,0.0,10.8332014084,0.0,0.0,0,0,0,False,(),,
2021/07/20/11:07:22.241503,10801,1626772043,915554046,,22.3824996948,0.47783896327,0.0,10.695230484,0.0,0.0,0,0,0,False,(),,
2021/07/20/11:07:22.282037,10802,1626772043,955909013,,22.3824996948,0.484472006559,0.0,10.8436946869,0.0,0.0,0,0,0,False,(),,
2021/07/20/11:07:22.321866,10803,1626772043,995826959,,22.3824996948,0.484472006559,0.0,10.8436946869,0.0,0.0,0,0,0,False,(),,
2021/07/20/11:07:22.362081,10804,1626772044,35887002,,22.3824996948,0.491105079651,0.0,10.9921588898,0.0,0.0,0,0,0,False,(),,
2021/07/20/11:07:22.401996,10805,1626772044,76112031,,22.3608398438,0.491105079651,0.0,10.9815216064,0.0,0.0,0,0,0,False,(),,
2021/07/20/11:07:22.442559,10806,1626772044,115911960,,22.3824996948,0.491105079651,0.0,10.9921588898,0.0,0.0,0,0,0,False,(),,
2021/07/20/11:07:22.482708,10807,1626772044,156446933,,22.3824996948,0.49773812294,0.0,11.1406230927,0.0,0.0,0,0,0,False,(),,
2021/07/20/11:07:22.521376,10808,1626772044,195864915,,22.3824996948,0.491105079651,0.0,10.9921588898,0.0,0.0,0,0,0,False,(),,
2021/07/20/11:07:22.560881,10809,1626772044,235672950,,22.3824996948,0.484472006559,0.0,10.8436946869,0.0,0.0,0,0,0,False,(),,
2021/07/20/11:07:22.604759,10810,1626772044,275705099,,22.3824996948,0.484472006559,0.0,10.8436946869,0.0,0.0,0,0,0,False,(),,
2021/07/20/11:07:22.643552,10811,1626772044,316025972,,22.3824996948,0.49773812294,0.0,11.1406230927,0.0,0.0,0,0,0,False,(),,
2021/07/20/11:07:22.683908,10812,1626772044,355936050,,22.3824996948,0.491105079651,0.0,10.9921588898,0.0,0.0,0,0,0,False,(),,
2021/07/20/11:07:22.722123,10813,1626772044,395739078,,22.3608398438,0.47783896327,0.0,10.6848802567,0.0,0.0,0,0,0,False,(),,
2021/07/20/11:07:22.931847,10814,1626772044,436013936,,22.3608398438,0.491105079651,0.0,10.9815216064,0.0,0.0,0,0,0,False,(),,
2021/07/20/11:07:22.931862,10815,1626772044,476015090,,22.3824996948,0.484472006559,0.0,10.8436946869,0.0,0.0,0,0,0,False,(),,
2021/07/20/11:07:22.931867,10816,1626772044,515886068,,22.3824996948,0.47783896327,0.0,10.695230484,0.0,0.0,0,0,0,False,(),,
2021/07/20/11:07:22.931871,10817,1626772044,555986881,,22.3608398438,0.484472006559,0.0,10.8332014084,0.0,0.0,0,0,0,False,(),,
2021/07/20/11:07:22.931880,10818,1626772044,595520973,,22.3824996948,0.484472006559,0.0,10.8436946869,0.0,0.0,0,0,0,False,(),,
2021/07/20/11:07:22.978254,10819,1626772044,635936021,,22.3608398438,0.491105079651,0.0,10.9815216064,0.0,0.0,0,0,0,False,(),,
2021/07/20/11:07:23.002157,10820,1626772044,676177978,,22.3608398438,0.484472006559,0.0,10.8332014084,0.0,0.0,0,0,0,False,(),,
2021/07/20/11:07:23.042140,10821,1626772044,716029882,,22.3824996948,0.491105079651,0.0,10.9921588898,0.0,0.0,0,0,0,False,(),,
2021/07/20/11:07:23.082393,10822,1626772044,755899906,,22.3824996948,0.49773812294,0.0,11.1406230927,0.0,0.0,0,0,0,False,(),,
2021/07/20/11:07:23.121211,10823,1626772044,795909881,,22.3608398438,0.484472006559,0.0,10.8332014084,0.0,0.0,0,0,0,False,(),,
2021/07/20/11:07:23.161230,10824,1626772044,835551023,,22.3608398438,0.484472006559,0.0,10.8332014084,0.0,0.0,0,0,0,False,(),,
2021/07/20/11:07:23.202360,10825,1626772044,876101016,,22.3824996948,0.491105079651,0.0,10.9921588898,0.0,0.0,0,0,0,False,(),,
2021/07/20/11:07:23.242016,10826,1626772044,915781974,,22.3824996948,0.49773812294,0.0,11.1406230927,0.0,0.0,0,0,0,False,(),,
2021/07/20/11:07:23.282240,10827,1626772044,955935955,,22.3608398438,0.484472006559,0.0,10.8332014084,0.0,0.0,0,0,0,False,(),,
2021/07/20/11:07:23.321764,10828,1626772044,996319055,,22.3824996948,0.491105079651,0.0,10.9921588898,0.0,0.0,0,0,0,False,(),,
2021/07/20/11:07:23.364584,10829,1626772045,35744905,,22.3608398438,0.491105079651,0.0,10.9815216064,0.0,0.0,0,0,0,False,(),,
2021/07/20/11:07:23.401980,10830,1626772045,75957059,,22.3824996948,0.491105079651,0.0,10.9921588898,0.0,0.0,0,0,0,False,(),,
2021/07/20/11:07:23.441970,10831,1626772045,116069078,,22.3608398438,0.491105079651,0.0,10.9815216064,0.0,0.0,0,0,0,False,(),,
2021/07/20/11:07:23.482113,10832,1626772045,155646085,,22.3824996948,0.491105079651,0.0,10.9921588898,0.0,0.0,0,0,0,False,(),,
2021/07/20/11:07:23.522303,10833,1626772045,195995092,,22.3824996948,0.491105079651,0.0,10.9921588898,0.0,0.0,0,0,0,False,(),,
2021/07/20/11:07:23.562514,10834,1626772045,236023902,,22.3608398438,0.49773812294,0.0,11.1298427582,0.0,0.0,0,0,0,False,(),,
2021/07/20/11:07:23.602358,10835,1626772045,275963068,,22.3608398438,0.491105079651,0.0,10.9815216064,0.0,0.0,0,0,0,False,(),,
2021/07/20/11:07:23.641390,10836,1626772045,315912008,,22.3608398438,0.47783896327,0.0,10.6848802567,0.0,0.0,0,0,0,False,(),,
2021/07/20/11:07:23.681516,10837,1626772045,355684995,,22.3608398438,0.491105079651,0.0,10.9815216064,0.0,0.0,0,0,0,False,(),,
2021/07/20/11:07:23.722118,10838,1626772045,396029949,,22.3824996948,0.49773812294,0.0,11.1406230927,0.0,0.0,0,0,0,False,(),,
2021/07/20/11:07:23.931895,10839,1626772045,435976982,,22.3824996948,0.491105079651,0.0,10.9921588898,0.0,0.0,0,0,0,False,(),,
2021/07/20/11:07:23.931915,10840,1626772045,476072072,,22.3824996948,0.47783896327,0.0,10.695230484,0.0,0.0,0,0,0,False,(),,
2021/07/20/11:07:23.931928,10841,1626772045,515786886,,22.3608398438,0.484472006559,0.0,10.8332014084,0.0,0.0,0,0,0,False,(),,
2021/07/20/11:07:23.931947,10842,1626772045,555994033,,22.3824996948,0.47783896327,0.0,10.695230484,0.0,0.0,0,0,0,False,(),,
2021/07/20/11:07:23.931954,10843,1626772045,595591068,,22.3824996948,0.484472006559,0.0,10.8436946869,0.0,0.0,0,0,0,False,(),,
2021/07/20/11:07:23.990795,10844,1626772045,635632038,,22.3608398438,0.49773812294,0.0,11.1298427582,0.0,0.0,0,0,0,False,(),,
2021/07/20/11:07:24.001841,10845,1626772045,676039934,,22.3824996948,0.491105079651,0.0,10.9921588898,0.0,0.0,0,0,0,False,(),,
2021/07/20/11:07:24.042185,10846,1626772045,716201066,,22.3824996948,0.49773812294,0.0,11.1406230927,0.0,0.0,0,0,0,False,(),,
2021/07/20/11:07:24.082145,10847,1626772045,755841970,,22.3608398438,0.49773812294,0.0,11.1298427582,0.0,0.0,0,0,0,False,(),,
2021/07/20/11:07:24.122197,10848,1626772045,796103000,,22.3608398438,0.491105079651,0.0,10.9815216064,0.0,0.0,0,0,0,False,(),,
2021/07/20/11:07:24.161873,10849,1626772045,835685014,,22.3608398438,0.491105079651,0.0,10.9815216064,0.0,0.0,0,0,0,False,(),,
2021/07/20/11:07:24.201651,10850,1626772045,875782966,,22.3608398438,0.484472006559,0.0,10.8332014084,0.0,0.0,0,0,0,False,(),,
2021/07/20/11:07:24.241950,10851,1626772045,915682077,,22.3608398438,0.49773812294,0.0,11.1298427582,0.0,0.0,0,0,0,False,(),,
2021/07/20/11:07:24.282074,10852,1626772045,956007957,,22.3608398438,0.49773812294,0.0,11.1298427582,0.0,0.0,0,0,0,False,(),,
2021/07/20/11:07:24.322108,10853,1626772045,996076107,,22.3608398438,0.491105079651,0.0,10.9815216064,0.0,0.0,0,0,0,False,(),,
2021/07/20/11:07:24.361873,10854,1626772046,35763025,,22.3824996948,0.484472006559,0.0,10.8436946869,0.0,0.0,0,0,0,False,(),,
2021/07/20/11:07:24.406509,10855,1626772046,76072931,,22.3608398438,0.491105079651,0.0,10.9815216064,0.0,0.0,0,0,0,False,(),,
2021/07/20/11:07:24.441154,10856,1626772046,115741968,,22.3824996948,0.491105079651,0.0,10.9921588898,0.0,0.0,0,0,0,False,(),,
2021/07/20/11:07:24.481239,10857,1626772046,155709028,,22.3608398438,0.491105079651,0.0,10.9815216064,0.0,0.0,0,0,0,False,(),,
2021/07/20/11:07:24.521956,10858,1626772046,195648908,,22.3608398438,0.371710002422,0.0,8.31174850464,0.0,0.0,0,0,0,False,(),,
2021/07/20/11:07:24.561446,10859,1626772046,235677957,,22.3824996948,0.325278580189,0.0,7.28054761887,0.0,0.0,0,0,0,False,(),,
2021/07/20/11:07:24.602388,10860,1626772046,276118040,,22.3824996948,0.325278580189,0.0,7.28054761887,0.0,0.0,0,0,0,False,(),,
2021/07/20/11:07:24.642034,10861,1626772046,315960884,,22.3824996948,0.3186455369,0.0,7.13208341599,0.0,0.0,0,0,0,False,(),,
2021/07/20/11:07:24.682489,10862,1626772046,355900049,,22.3824996948,0.325278580189,0.0,7.28054761887,0.0,0.0,0,0,0,False,(),,
2021/07/20/11:07:24.722903,10863,1626772046,395725011,,22.3608398438,0.3186455369,0.0,7.12518167496,0.0,0.0,0,0,0,False,(),,
2021/07/20/11:07:24.932460,10864,1626772046,435746908,,22.3824996948,0.3186455369,0.0,7.13208341599,0.0,0.0,0,0,0,False,(),,
2021/07/20/11:07:24.932478,10865,1626772046,475841999,,22.3824996948,0.312012463808,0.0,6.98361873627,0.0,0.0,0,0,0,False,(),,
2021/07/20/11:07:24.932498,10866,1626772046,515619993,,22.3824996948,0.3186455369,0.0,7.13208341599,0.0,0.0,0,0,0,False,(),,
2021/07/20/11:07:24.932601,10867,1626772046,555708885,,22.3824996948,0.3186455369,0.0,7.13208341599,0.0,0.0,0,0,0,False,(),,
2021/07/20/11:07:24.932607,10868,1626772046,596088886,,22.3824996948,0.3186455369,0.0,7.13208341599,0.0,0.0,0,0,0,False,(),,
2021/07/20/11:07:25.021251,10869,1626772046,635732889,,22.3824996948,0.3186455369,0.0,7.13208341599,0.0,0.0,0,0,0,False,(),,
2021/07/20/11:07:25.021262,10870,1626772046,675889015,,22.3824996948,0.3186455369,0.0,7.13208341599,0.0,0.0,0,0,0,False,(),,
2021/07/20/11:07:25.041272,10871,1626772046,715857028,,22.3824996948,0.325278580189,0.0,7.28054761887,0.0,0.0,0,0,0,False,(),,
2021/07/20/11:07:25.082033,10872,1626772046,755950927,,22.3824996948,0.325278580189,0.0,7.28054761887,0.0,0.0,0,0,0,False,(),,
2021/07/20/11:07:25.121483,10873,1626772046,796024084,,22.3824996948,0.3186455369,0.0,7.13208341599,0.0,0.0,0,0,0,False,(),,
2021/07/20/11:07:25.162676,10874,1626772046,835649013,,22.3824996948,0.312012463808,0.0,6.98361873627,0.0,0.0,0,0,0,False,(),,
2021/07/20/11:07:25.204310,10875,1626772046,876324892,,22.3824996948,0.325278580189,0.0,7.28054761887,0.0,0.0,0,0,0,False,(),,
2021/07/20/11:07:25.242300,10876,1626772046,916372060,,22.3824996948,0.3186455369,0.0,7.13208341599,0.0,0.0,0,0,0,False,(),,
2021/07/20/11:07:25.281356,10877,1626772046,955980062,,22.3824996948,0.3186455369,0.0,7.13208341599,0.0,0.0,0,0,0,False,(),,
2021/07/20/11:07:25.321536,10878,1626772046,995930910,,22.3824996948,0.3186455369,0.0,7.13208341599,0.0,0.0,0,0,0,False,(),,
2021/07/20/11:07:25.362547,10879,1626772047,35898923,,22.3824996948,0.3186455369,0.0,7.13208341599,0.0,0.0,0,0,0,False,(),,
2021/07/20/11:07:25.401364,10880,1626772047,75946092,,22.3824996948,0.312012463808,0.0,6.98361873627,0.0,0.0,0,0,0,False,(),,
2021/07/20/11:07:25.441237,10881,1626772047,115627050,,22.3608398438,0.325278580189,0.0,7.27350282669,0.0,0.0,0,0,0,False,(),,
2021/07/20/11:07:25.481201,10882,1626772047,155677080,,22.3824996948,0.3186455369,0.0,7.13208341599,0.0,0.0,0,0,0,False,(),,
2021/07/20/11:07:25.522674,10883,1626772047,196080923,,22.3824996948,0.325278580189,0.0,7.28054761887,0.0,0.0,0,0,0,False,(),,
2021/07/20/11:07:25.561921,10884,1626772047,235888004,,22.3824996948,0.3186455369,0.0,7.13208341599,0.0,0.0,0,0,0,False,(),,
2021/07/20/11:07:25.602338,10885,1626772047,275984048,,22.3824996948,0.305379420519,0.0,6.83515453339,0.0,0.0,0,0,0,False,(),,
2021/07/20/11:07:25.642395,10886,1626772047,315967082,,22.3824996948,0.312012463808,0.0,6.98361873627,0.0,0.0,0,0,0,False,(),,
2021/07/20/11:07:25.682516,10887,1626772047,355874061,,22.3824996948,0.3186455369,0.0,7.13208341599,0.0,0.0,0,0,0,False,(),,
2021/07/20/11:07:25.722043,10888,1626772047,395996093,,22.3608398438,0.424774467945,0.0,9.49831390381,0.0,0.0,0,0,0,False,(),,
2021/07/20/11:07:25.931884,10889,1626772047,435867071,,22.3824996948,0.471205890179,0.0,10.5467653275,0.0,0.0,0,0,0,False,(),,
2021/07/20/11:07:25.931900,10890,1626772047,475991964,,22.3824996948,0.471205890179,0.0,10.5467653275,0.0,0.0,0,0,0,False,(),,
2021/07/20/11:07:25.931913,10891,1626772047,515485048,,22.3608398438,0.491105079651,0.0,10.9815216064,0.0,0.0,0,0,0,False,(),,
2021/07/20/11:07:25.931925,10892,1626772047,555613040,,22.3608398438,0.511004269123,0.0,11.426484108,0.0,0.0,0,0,0,False,(),,
2021/07/20/11:07:25.931944,10893,1626772047,595849037,,22.3608398438,0.504371166229,0.0,11.2781639099,0.0,0.0,0,0,0,False,(),,
2021/07/20/11:07:25.962085,10894,1626772047,636095046,,22.3608398438,0.504371166229,0.0,11.2781639099,0.0,0.0,0,0,0,False,(),,
2021/07/20/11:07:26.001265,10895,1626772047,675774097,,22.3608398438,0.517637312412,0.0,11.5748052597,0.0,0.0,0,0,0,False,(),,
2021/07/20/11:07:26.041503,10896,1626772047,716022014,,22.3824996948,0.511004269123,0.0,11.4375524521,0.0,0.0,0,0,0,False,(),,
2021/07/20/11:07:26.081774,10897,1626772047,755762100,,22.3608398438,0.517637312412,0.0,11.5748052597,0.0,0.0,0,0,0,False,(),,
2021/07/20/11:07:26.122849,10898,1626772047,796437025,,22.3608398438,0.511004269123,0.0,11.426484108,0.0,0.0,0,0,0,False,(),,
2021/07/20/11:07:26.161852,10899,1626772047,835887908,,22.3824996948,0.504371166229,0.0,11.2890882492,0.0,0.0,0,0,0,False,(),,
2021/07/20/11:07:26.201535,10900,1626772047,875921964,,22.3608398438,0.517637312412,0.0,11.5748052597,0.0,0.0,0,0,0,False,(),,
2021/07/20/11:07:26.240882,10901,1626772047,915575981,,22.3824996948,0.504371166229,0.0,11.2890882492,0.0,0.0,0,0,0,False,(),,
2021/07/20/11:07:26.282475,10902,1626772047,955741882,,22.3608398438,0.511004269123,0.0,11.426484108,0.0,0.0,0,0,0,False,(),,
2021/07/20/11:07:26.321877,10903,1626772047,995968103,,22.3608398438,0.511004269123,0.0,11.426484108,0.0,0.0,0,0,0,False,(),,
2021/07/20/11:07:26.364715,10904,1626772048,35865068,,22.3608398438,0.517637312412,0.0,11.5748052597,0.0,0.0,0,0,0,False,(),,
2021/07/20/11:07:26.404887,10905,1626772048,75756072,,22.3824996948,0.517637312412,0.0,11.586016655,0.0,0.0,0,0,0,False,(),,
2021/07/20/11:07:26.441252,10906,1626772048,115854024,,22.3608398438,0.524270355701,0.0,11.7231254578,0.0,0.0,0,0,0,False,(),,
2021/07/20/11:07:26.481241,10907,1626772048,155810117,,22.3608398438,0.511004269123,0.0,11.426484108,0.0,0.0,0,0,0,False,(),,
2021/07/20/11:07:26.521530,10908,1626772048,195723056,,22.3824996948,0.511004269123,0.0,11.4375524521,0.0,0.0,0,0,0,False,(),,
2021/07/20/11:07:26.561692,10909,1626772048,235641002,,22.3608398438,0.511004269123,0.0,11.426484108,0.0,0.0,0,0,0,False,(),,
2021/07/20/11:07:26.602852,10910,1626772048,276221990,,22.3608398438,0.511004269123,0.0,11.426484108,0.0,0.0,0,0,0,False,(),,
2021/07/20/11:07:26.641976,10911,1626772048,315902948,,22.3608398438,0.524270355701,0.0,11.7231254578,0.0,0.0,0,0,0,False,(),,
2021/07/20/11:07:26.681880,10912,1626772048,356164932,,22.3824996948,0.511004269123,0.0,11.4375524521,0.0,0.0,0,0,0,False,(),,
2021/07/20/11:07:26.722062,10913,1626772048,396003007,,22.3824996948,0.524270355701,0.0,11.7344808578,0.0,0.0,0,0,0,False,(),,
2021/07/20/11:07:26.932274,10914,1626772048,435786008,,22.3824996948,0.511004269123,0.0,11.4375524521,0.0,0.0,0,0,0,False,(),,
2021/07/20/11:07:26.932289,10915,1626772048,475555896,,22.3608398438,0.504371166229,0.0,11.2781639099,0.0,0.0,0,0,0,False,(),,
2021/07/20/11:07:26.932297,10916,1626772048,515810012,,22.3608398438,0.517637312412,0.0,11.5748052597,0.0,0.0,0,0,0,False,(),,
2021/07/20/11:07:26.932319,10917,1626772048,555896997,,22.3824996948,0.511004269123,0.0,11.4375524521,0.0,0.0,0,0,0,False,(),,
2021/07/20/11:07:26.932324,10918,1626772048,595927000,,22.3824996948,0.504371166229,0.0,11.2890882492,0.0,0.0,0,0,0,False,(),,
2021/07/20/11:07:26.986692,10919,1626772048,635910034,,22.3824996948,0.511004269123,0.0,11.4375524521,0.0,0.0,0,0,0,False,(),,
2021/07/20/11:07:27.000994,10920,1626772048,675668001,,22.3824996948,0.504371166229,0.0,11.2890882492,0.0,0.0,0,0,0,False,(),,
2021/07/20/11:07:27.041502,10921,1626772048,715997934,,22.3824996948,0.511004269123,0.0,11.4375524521,0.0,0.0,0,0,0,False,(),,
2021/07/20/11:07:27.081917,10922,1626772048,755676984,,22.3608398438,0.517637312412,0.0,11.5748052597,0.0,0.0,0,0,0,False,(),,
2021/07/20/11:07:27.122473,10923,1626772048,795896053,,22.3824996948,0.511004269123,0.0,11.4375524521,0.0,0.0,0,0,0,False,(),,
2021/07/20/11:07:27.162425,10924,1626772048,836086988,,22.3608398438,0.511004269123,0.0,11.426484108,0.0,0.0,0,0,0,False,(),,
2021/07/20/11:07:27.201166,10925,1626772048,875758886,,22.3824996948,0.517637312412,0.0,11.586016655,0.0,0.0,0,0,0,False,(),,
2021/07/20/11:07:27.242562,10926,1626772048,916029930,,22.3824996948,0.511004269123,0.0,11.4375524521,0.0,0.0,0,0,0,False,(),,
2021/07/20/11:07:27.282523,10927,1626772048,955745935,,22.3608398438,0.504371166229,0.0,11.2781639099,0.0,0.0,0,0,0,False,(),,
2021/07/20/11:07:27.321531,10928,1626772048,996006011,,22.3608398438,0.511004269123,0.0,11.426484108,0.0,0.0,0,0,0,False,(),,
2021/07/20/11:07:27.361948,10929,1626772049,35940885,,22.3824996948,0.504371166229,0.0,11.2890882492,0.0,0.0,0,0,0,False,(),,
2021/07/20/11:07:27.402128,10930,1626772049,75862884,,22.3824996948,0.517637312412,0.0,11.586016655,0.0,0.0,0,0,0,False,(),,
2021/07/20/11:07:27.441701,10931,1626772049,115833997,,22.3824996948,0.511004269123,0.0,11.4375524521,0.0,0.0,0,0,0,False,(),,
2021/07/20/11:07:27.481656,10932,1626772049,155746936,,22.3824996948,0.511004269123,0.0,11.4375524521,0.0,0.0,0,0,0,False,(),,
2021/07/20/11:07:27.521848,10933,1626772049,196024894,,22.3608398438,0.511004269123,0.0,11.426484108,0.0,0.0,0,0,0,False,(),,
2021/07/20/11:07:27.563160,10934,1626772049,235588073,,22.3824996948,0.511004269123,0.0,11.4375524521,0.0,0.0,0,0,0,False,(),,
2021/07/20/11:07:27.602520,10935,1626772049,276412010,,22.3608398438,0.517637312412,0.0,11.5748052597,0.0,0.0,0,0,0,False,(),,
2021/07/20/11:07:27.641872,10936,1626772049,315944910,,22.3608398438,0.504371166229,0.0,11.2781639099,0.0,0.0,0,0,0,False,(),,
2021/07/20/11:07:27.684981,10937,1626772049,356023073,,22.3608398438,0.511004269123,0.0,11.426484108,0.0,0.0,0,0,0,False,(),,
2021/07/20/11:07:27.722538,10938,1626772049,395940065,,22.3824996948,0.517637312412,0.0,11.586016655,0.0,0.0,0,0,0,False,(),,
2021/07/20/11:07:27.906571,10939,1626772049,435825109,,22.3608398438,0.49773812294,0.0,11.1298427582,0.0,0.0,0,0,0,False,(),,
2021/07/20/11:07:27.906582,10940,1626772049,475631952,,22.3608398438,0.504371166229,0.0,11.2781639099,0.0,0.0,0,0,0,False,(),,
2021/07/20/11:07:27.906590,10941,1626772049,516140937,,22.3824996948,0.511004269123,0.0,11.4375524521,0.0,0.0,0,0,0,False,(),,
2021/07/20/11:07:27.906594,10942,1626772049,555943965,,22.3824996948,0.504371166229,0.0,11.2890882492,0.0,0.0,0,0,0,False,(),,
2021/07/20/11:07:27.922343,10943,1626772049,595992088,,22.3824996948,0.530903398991,0.0,11.8829460144,0.0,0.0,0,0,0,False,(),,
2021/07/20/11:07:27.961551,10944,1626772049,635787010,,22.3608398438,0.511004269123,0.0,11.426484108,0.0,0.0,0,0,0,False,(),,
2021/07/20/11:07:28.001480,10945,1626772049,675940990,,22.3608398438,0.511004269123,0.0,11.426484108,0.0,0.0,0,0,0,False,(),,
2021/07/20/11:07:28.043859,10946,1626772049,716054916,,22.3608398438,0.504371166229,0.0,11.2781639099,0.0,0.0,0,0,0,False,(),,
2021/07/20/11:07:28.082997,10947,1626772049,755906105,,22.3824996948,0.504371166229,0.0,11.2890882492,0.0,0.0,0,0,0,False,(),,
2021/07/20/11:07:28.122310,10948,1626772049,796073913,,22.3608398438,0.511004269123,0.0,11.426484108,0.0,0.0,0,0,0,False,(),,
2021/07/20/11:07:28.161820,10949,1626772049,835788011,,22.3824996948,0.511004269123,0.0,11.4375524521,0.0,0.0,0,0,0,False,(),,
2021/07/20/11:07:28.201866,10950,1626772049,875965118,,22.3824996948,0.504371166229,0.0,11.2890882492,0.0,0.0,0,0,0,False,(),,
2021/07/20/11:07:28.240921,10951,1626772049,915621995,,22.3824996948,0.511004269123,0.0,11.4375524521,0.0,0.0,0,0,0,False,(),,
2021/07/20/11:07:28.281871,10952,1626772049,955640077,,22.3608398438,0.511004269123,0.0,11.426484108,0.0,0.0,0,0,0,False,(),,
2021/07/20/11:07:28.322691,10953,1626772049,996000051,,22.3824996948,0.511004269123,0.0,11.4375524521,0.0,0.0,0,0,0,False,(),,
2021/07/20/11:07:28.361984,10954,1626772050,35928010,,22.3824996948,0.511004269123,0.0,11.4375524521,0.0,0.0,0,0,0,False,(),,
2021/07/20/11:07:28.402390,10955,1626772050,76004981,,22.3608398438,0.511004269123,0.0,11.426484108,0.0,0.0,0,0,0,False,(),,
2021/07/20/11:07:28.441239,10956,1626772050,115923881,,22.3608398438,0.511004269123,0.0,11.426484108,0.0,0.0,0,0,0,False,(),,
2021/07/20/11:07:28.482601,10957,1626772050,155559062,,22.3608398438,0.517637312412,0.0,11.5748052597,0.0,0.0,0,0,0,False,(),,
2021/07/20/11:07:28.522312,10958,1626772050,196221113,,22.3608398438,0.511004269123,0.0,11.426484108,0.0,0.0,0,0,0,False,(),,
2021/07/20/11:07:28.561803,10959,1626772050,235888957,,22.3608398438,0.504371166229,0.0,11.2781639099,0.0,0.0,0,0,0,False,(),,
2021/07/20/11:07:28.601939,10960,1626772050,276024103,,22.3608398438,0.511004269123,0.0,11.426484108,0.0,0.0,0,0,0,False,(),,
2021/07/20/11:07:28.641196,10961,1626772050,315840959,,22.3608398438,0.511004269123,0.0,11.426484108,0.0,0.0,0,0,0,False,(),,
2021/07/20/11:07:28.681552,10962,1626772050,355736017,,22.3608398438,0.49773812294,0.0,11.1298427582,0.0,0.0,0,0,0,False,(),,
2021/07/20/11:07:28.721593,10963,1626772050,395656108,,22.3824996948,0.511004269123,0.0,11.4375524521,0.0,0.0,0,0,0,False,(),,
2021/07/20/11:07:28.928920,10964,1626772050,435852050,,22.3824996948,0.511004269123,0.0,11.4375524521,0.0,0.0,0,0,0,False,(),,
2021/07/20/11:07:28.928933,10965,1626772050,475915908,,22.3608398438,0.511004269123,0.0,11.426484108,0.0,0.0,0,0,0,False,(),,
2021/07/20/11:07:28.928948,10966,1626772050,515803098,,22.3824996948,0.504371166229,0.0,11.2890882492,0.0,0.0,0,0,0,False,(),,
2021/07/20/11:07:28.928953,10967,1626772050,555799007,,22.3824996948,0.504371166229,0.0,11.2890882492,0.0,0.0,0,0,0,False,(),,
2021/07/20/11:07:28.928958,10968,1626772050,596213102,,22.3824996948,0.504371166229,0.0,11.2890882492,0.0,0.0,0,0,0,False,(),,
2021/07/20/11:07:28.962078,10969,1626772050,635534048,,22.3608398438,0.517637312412,0.0,11.5748052597,0.0,0.0,0,0,0,False,(),,
2021/07/20/11:07:29.004895,10970,1626772050,676114082,,22.3824996948,0.511004269123,0.0,11.4375524521,0.0,0.0,0,0,0,False,(),,
2021/07/20/11:07:29.041647,10971,1626772050,715984106,,22.3824996948,0.511004269123,0.0,11.4375524521,0.0,0.0,0,0,0,False,(),,
2021/07/20/11:07:29.082261,10972,1626772050,755889892,,22.3824996948,0.511004269123,0.0,11.4375524521,0.0,0.0,0,0,0,False,(),,
2021/07/20/11:07:29.122300,10973,1626772050,796288967,,22.3824996948,0.49773812294,0.0,11.1406230927,0.0,0.0,0,0,0,False,(),,
2021/07/20/11:07:29.161455,10974,1626772050,836052894,,22.3608398438,0.517637312412,0.0,11.5748052597,0.0,0.0,0,0,0,False,(),,
2021/07/20/11:07:29.203696,10975,1626772050,875977039,,22.3608398438,0.517637312412,0.0,11.5748052597,0.0,0.0,0,0,0,False,(),,
2021/07/20/11:07:29.241724,10976,1626772050,916013002,,22.3608398438,0.511004269123,0.0,11.426484108,0.0,0.0,0,0,0,False,(),,
2021/07/20/11:07:29.281857,10977,1626772050,956018924,,22.3608398438,0.511004269123,0.0,11.426484108,0.0,0.0,0,0,0,False,(),,
2021/07/20/11:07:29.322288,10978,1626772050,995763063,,22.3608398438,0.511004269123,0.0,11.426484108,0.0,0.0,0,0,0,False,(),,
2021/07/20/11:07:29.362157,10979,1626772051,36039113,,22.3608398438,0.511004269123,0.0,11.426484108,0.0,0.0,0,0,0,False,(),,
2021/07/20/11:07:29.421770,10980,1626772051,76042890,,22.3608398438,0.49773812294,0.0,11.1298427582,0.0,0.0,0,0,0,False,(),,
2021/07/20/11:07:29.441323,10981,1626772051,115595102,,22.3608398438,0.517637312412,0.0,11.5748052597,0.0,0.0,0,0,0,False,(),,
2021/07/20/11:07:29.699217,10982,1626772051,156007051,,22.3824996948,0.511004269123,0.0,11.4375524521,0.0,0.0,0,0,0,False,(),,
2021/07/20/11:07:29.699230,10983,1626772051,195941925,,22.3608398438,0.524270355701,0.0,11.7231254578,0.0,0.0,0,0,0,False,(),,
2021/07/20/11:07:29.699238,10984,1626772051,236104965,,22.3824996948,0.517637312412,0.0,11.586016655,0.0,0.0,0,0,0,False,(),,
2021/07/20/11:07:29.699246,10985,1626772051,275787115,,22.3824996948,0.524270355701,0.0,11.7344808578,0.0,0.0,0,0,0,False,(),,
2021/07/20/11:07:29.699262,10986,1626772051,315911054,,22.3608398438,0.517637312412,0.0,11.5748052597,0.0,0.0,0,0,0,False,(),,
2021/07/20/11:07:29.699271,10987,1626772051,355727910,,22.3608398438,0.517637312412,0.0,11.5748052597,0.0,0.0,0,0,0,False,(),,
2021/07/20/11:07:29.722659,10988,1626772051,395987987,,22.3608398438,0.511004269123,0.0,11.426484108,0.0,0.0,0,0,0,False,(),,
2021/07/20/11:07:29.932208,10989,1626772051,435883998,,22.3608398438,0.517637312412,0.0,11.5748052597,0.0,0.0,0,0,0,False,(),,
2021/07/20/11:07:29.932232,10990,1626772051,475869894,,22.3608398438,0.511004269123,0.0,11.426484108,0.0,0.0,0,0,0,False,(),,
2021/07/20/11:07:29.932246,10991,1626772051,515837907,,22.3824996948,0.504371166229,0.0,11.2890882492,0.0,0.0,0,0,0,False,(),,
2021/07/20/11:07:29.932251,10992,1626772051,555915117,,22.3608398438,0.504371166229,0.0,11.2781639099,0.0,0.0,0,0,0,False,(),,
2021/07/20/11:07:29.932263,10993,1626772051,595927000,,22.3608398438,0.511004269123,0.0,11.426484108,0.0,0.0,0,0,0,False,(),,
2021/07/20/11:07:29.988886,10994,1626772051,635535001,,22.3608398438,0.511004269123,0.0,11.426484108,0.0,0.0,0,0,0,False,(),,
2021/07/20/11:07:30.002108,10995,1626772051,675640106,,22.3608398438,0.524270355701,0.0,11.7231254578,0.0,0.0,0,0,0,False,(),,
2021/07/20/11:07:30.042705,10996,1626772051,715761899,,22.3824996948,0.511004269123,0.0,11.4375524521,0.0,0.0,0,0,0,False,(),,
2021/07/20/11:07:30.082657,10997,1626772051,756186962,,22.3824996948,0.517637312412,0.0,11.586016655,0.0,0.0,0,0,0,False,(),,
2021/07/20/11:07:30.127455,10998,1626772051,795919895,,22.3824996948,0.517637312412,0.0,11.586016655,0.0,0.0,0,0,0,False,(),,
2021/07/20/11:07:30.161109,10999,1626772051,835838079,,22.3608398438,0.517637312412,0.0,11.5748052597,0.0,0.0,0,0,0,False,(),,
2021/07/20/11:07:30.202245,11000,1626772051,875581979,,22.3824996948,0.511004269123,0.0,11.4375524521,0.0,0.0,0,0,0,False,(),,
2021/07/20/11:07:30.241070,11001,1626772051,915807008,,22.3824996948,0.517637312412,0.0,11.586016655,0.0,0.0,0,0,0,False,(),,
2021/07/20/11:07:30.281435,11002,1626772051,955698966,,22.3608398438,0.524270355701,0.0,11.7231254578,0.0,0.0,0,0,0,False,(),,
2021/07/20/11:07:30.323989,11003,1626772051,996084928,,22.3824996948,0.511004269123,0.0,11.4375524521,0.0,0.0,0,0,0,False,(),,
2021/07/20/11:07:30.361871,11004,1626772052,35481929,,22.3824996948,0.511004269123,0.0,11.4375524521,0.0,0.0,0,0,0,False,(),,
2021/07/20/11:07:30.401769,11005,1626772052,75923919,,22.3824996948,0.517637312412,0.0,11.586016655,0.0,0.0,0,0,0,False,(),,
2021/07/20/11:07:30.441634,11006,1626772052,115757942,,22.3824996948,0.524270355701,0.0,11.7344808578,0.0,0.0,0,0,0,False,(),,
2021/07/20/11:07:30.482641,11007,1626772052,156176090,,22.3824996948,0.511004269123,0.0,11.4375524521,0.0,0.0,0,0,0,False,(),,
2021/07/20/11:07:30.522799,11008,1626772052,195935010,,22.3608398438,0.517637312412,0.0,11.5748052597,0.0,0.0,0,0,0,False,(),,
2021/07/20/11:07:30.561091,11009,1626772052,235668897,,22.3824996948,0.517637312412,0.0,11.586016655,0.0,0.0,0,0,0,False,(),,
2021/07/20/11:07:30.603436,11010,1626772052,276067972,,22.3824996948,0.511004269123,0.0,11.4375524521,0.0,0.0,0,0,0,False,(),,
2021/07/20/11:07:30.642640,11011,1626772052,315701007,,22.3824996948,0.511004269123,0.0,11.4375524521,0.0,0.0,0,0,0,False,(),,
2021/07/20/11:07:30.682819,11012,1626772052,355993986,,22.3608398438,0.511004269123,0.0,11.426484108,0.0,0.0,0,0,0,False,(),,
2021/07/20/11:07:30.722538,11013,1626772052,396378993,,22.3608398438,0.517637312412,0.0,11.5748052597,0.0,0.0,0,0,0,False,(),,
2021/07/20/11:07:30.931905,11014,1626772052,435700893,,22.3608398438,0.511004269123,0.0,11.426484108,0.0,0.0,0,0,0,False,(),,
2021/07/20/11:07:30.931922,11015,1626772052,475886106,,22.3824996948,0.511004269123,0.0,11.4375524521,0.0,0.0,0,0,0,False,(),,
2021/07/20/11:07:30.931927,11016,1626772052,515954017,,22.3608398438,0.517637312412,0.0,11.5748052597,0.0,0.0,0,0,0,False,(),,
2021/07/20/11:07:30.931931,11017,1626772052,555728912,,22.3608398438,0.511004269123,0.0,11.426484108,0.0,0.0,0,0,0,False,(),,
2021/07/20/11:07:30.931938,11018,1626772052,596064090,,22.3608398438,0.504371166229,0.0,11.2781639099,0.0,0.0,0,0,0,False,(),,
2021/07/20/11:07:30.962680,11019,1626772052,635544061,,22.3608398438,0.511004269123,0.0,11.426484108,0.0,0.0,0,0,0,False,(),,
2021/07/20/11:07:31.001664,11020,1626772052,675677061,,22.3608398438,0.517637312412,0.0,11.5748052597,0.0,0.0,0,0,0,False,(),,
2021/07/20/11:07:31.042189,11021,1626772052,716002941,,22.3824996948,0.511004269123,0.0,11.4375524521,0.0,0.0,0,0,0,False,(),,
2021/07/20/11:07:31.082026,11022,1626772052,755913019,,22.3608398438,0.504371166229,0.0,11.2781639099,0.0,0.0,0,0,0,False,(),,
2021/07/20/11:07:31.122463,11023,1626772052,796080112,,22.3824996948,0.511004269123,0.0,11.4375524521,0.0,0.0,0,0,0,False,(),,
2021/07/20/11:07:31.161905,11024,1626772052,835732936,,22.3824996948,0.517637312412,0.0,11.586016655,0.0,0.0,0,0,0,False,(),,
2021/07/20/11:07:31.201553,11025,1626772052,875996112,,22.3824996948,0.511004269123,0.0,11.4375524521,0.0,0.0,0,0,0,False,(),,
2021/07/20/11:07:31.241746,11026,1626772052,915858030,,22.3608398438,0.511004269123,0.0,11.426484108,0.0,0.0,0,0,0,False,(),,
2021/07/20/11:07:31.282437,11027,1626772052,955965042,,22.3608398438,0.524270355701,0.0,11.7231254578,0.0,0.0,0,0,0,False,(),,
2021/07/20/11:07:31.321523,11028,1626772052,996015071,,22.3608398438,0.511004269123,0.0,11.426484108,0.0,0.0,0,0,0,False,(),,
2021/07/20/11:07:31.361434,11029,1626772053,35526037,,22.3608398438,0.511004269123,0.0,11.426484108,0.0,0.0,0,0,0,False,(),,
2021/07/20/11:07:31.402243,11030,1626772053,75871944,,22.3824996948,0.511004269123,0.0,11.4375524521,0.0,0.0,0,0,0,False,(),,
2021/07/20/11:07:31.441891,11031,1626772053,115941047,,22.3608398438,0.511004269123,0.0,11.426484108,0.0,0.0,0,0,0,False,(),,
2021/07/20/11:07:31.483147,11032,1626772053,156194925,,22.3608398438,0.511004269123,0.0,11.426484108,0.0,0.0,0,0,0,False,(),,
2021/07/20/11:07:31.522142,11033,1626772053,196005105,,22.3608398438,0.511004269123,0.0,11.426484108,0.0,0.0,0,0,0,False,(),,
2021/07/20/11:07:31.565316,11034,1626772053,235884904,,22.3824996948,0.511004269123,0.0,11.4375524521,0.0,0.0,0,0,0,False,(),,
2021/07/20/11:07:31.601716,11035,1626772053,276019096,,22.3608398438,0.511004269123,0.0,11.426484108,0.0,0.0,0,0,0,False,(),,
2021/07/20/11:07:31.641654,11036,1626772053,315634012,,22.3608398438,0.504371166229,0.0,11.2781639099,0.0,0.0,0,0,0,False,(),,
2021/07/20/11:07:31.682663,11037,1626772053,356090068,,22.3608398438,0.504371166229,0.0,11.2781639099,0.0,0.0,0,0,0,False,(),,
2021/07/20/11:07:31.722593,11038,1626772053,395941972,,22.3608398438,0.524270355701,0.0,11.7231254578,0.0,0.0,0,0,0,False,(),,
2021/07/20/11:07:31.923226,11039,1626772053,435719966,,22.3608398438,0.511004269123,0.0,11.426484108,0.0,0.0,0,0,0,False,(),,
2021/07/20/11:07:31.923236,11040,1626772053,475833892,,22.3608398438,0.511004269123,0.0,11.426484108,0.0,0.0,0,0,0,False,(),,
2021/07/20/11:07:31.923246,11041,1626772053,515925884,,22.3824996948,0.49773812294,0.0,11.1406230927,0.0,0.0,0,0,0,False,(),,
2021/07/20/11:07:31.923254,11042,1626772053,555502891,,22.3608398438,0.511004269123,0.0,11.426484108,0.0,0.0,0,0,0,False,(),,
2021/07/20/11:07:31.923260,11043,1626772053,595536947,,22.3608398438,0.511004269123,0.0,11.426484108,0.0,0.0,0,0,0,False,(),,
2021/07/20/11:07:31.962668,11044,1626772053,635660886,,22.3608398438,0.511004269123,0.0,11.426484108,0.0,0.0,0,0,0,False,(),,
2021/07/20/11:07:32.001500,11045,1626772053,675920009,,22.3608398438,0.517637312412,0.0,11.5748052597,0.0,0.0,0,0,0,False,(),,
2021/07/20/11:07:32.041650,11046,1626772053,716017961,,22.3608398438,0.511004269123,0.0,11.426484108,0.0,0.0,0,0,0,False,(),,
2021/07/20/11:07:32.083078,11047,1626772053,755913019,,22.3824996948,0.511004269123,0.0,11.4375524521,0.0,0.0,0,0,0,False,(),,
2021/07/20/11:07:32.122215,11048,1626772053,796152114,,22.3608398438,0.511004269123,0.0,11.426484108,0.0,0.0,0,0,0,False,(),,
2021/07/20/11:07:32.162267,11049,1626772053,835722923,,22.3608398438,0.511004269123,0.0,11.426484108,0.0,0.0,0,0,0,False,(),,
2021/07/20/11:07:32.202325,11050,1626772053,875952959,,22.3608398438,0.511004269123,0.0,11.426484108,0.0,0.0,0,0,0,False,(),,
2021/07/20/11:07:32.243436,11051,1626772053,915292024,,22.3608398438,0.530903398991,0.0,11.8714466095,0.0,0.0,0,0,0,False,(),,
2021/07/20/11:07:32.282245,11052,1626772053,955673933,,22.3608398438,0.49773812294,0.0,11.1298427582,0.0,0.0,0,0,0,False,(),,
2021/07/20/11:07:32.322326,11053,1626772053,996145009,,22.3608398438,0.511004269123,0.0,11.426484108,0.0,0.0,0,0,0,False,(),,
2021/07/20/11:07:32.362482,11054,1626772054,36077022,,22.3608398438,0.511004269123,0.0,11.426484108,0.0,0.0,0,0,0,False,(),,
2021/07/20/11:07:32.402581,11055,1626772054,75963020,,22.3824996948,0.511004269123,0.0,11.4375524521,0.0,0.0,0,0,0,False,(),,
2021/07/20/11:07:32.442495,11056,1626772054,116112947,,22.3824996948,0.511004269123,0.0,11.4375524521,0.0,0.0,0,0,0,False,(),,
2021/07/20/11:07:32.481202,11057,1626772054,155847072,,22.3608398438,0.511004269123,0.0,11.426484108,0.0,0.0,0,0,0,False,(),,
2021/07/20/11:07:32.521499,11058,1626772054,195595026,,22.3608398438,0.511004269123,0.0,11.426484108,0.0,0.0,0,0,0,False,(),,
2021/07/20/11:07:32.562521,11059,1626772054,235882997,,22.3608398438,0.517637312412,0.0,11.5748052597,0.0,0.0,0,0,0,False,(),,
2021/07/20/11:07:32.601519,11060,1626772054,276020050,,22.3608398438,0.511004269123,0.0,11.426484108,0.0,0.0,0,0,0,False,(),,
2021/07/20/11:07:32.641922,11061,1626772054,315941095,,22.3608398438,0.511004269123,0.0,11.426484108,0.0,0.0,0,0,0,False,(),,
2021/07/20/11:07:32.681643,11062,1626772054,355923891,,22.3608398438,0.504371166229,0.0,11.2781639099,0.0,0.0,0,0,0,False,(),,
2021/07/20/11:07:32.722244,11063,1626772054,395637989,,22.3824996948,0.524270355701,0.0,11.7344808578,0.0,0.0,0,0,0,False,(),,
2021/07/20/11:07:32.929776,11064,1626772054,435731887,,22.3824996948,0.511004269123,0.0,11.4375524521,0.0,0.0,0,0,0,False,(),,
2021/07/20/11:07:32.929790,11065,1626772054,476008892,,22.3608398438,0.517637312412,0.0,11.5748052597,0.0,0.0,0,0,0,False,(),,
2021/07/20/11:07:32.929801,11066,1626772054,516051054,,22.3824996948,0.511004269123,0.0,11.4375524521,0.0,0.0,0,0,0,False,(),,
2021/07/20/11:07:32.929818,11067,1626772054,555665969,,22.3824996948,0.511004269123,0.0,11.4375524521,0.0,0.0,0,0,0,False,(),,
2021/07/20/11:07:32.930448,11068,1626772054,595916986,,22.3824996948,0.511004269123,0.0,11.4375524521,0.0,0.0,0,0,0,False,(),,
2021/07/20/11:07:32.964026,11069,1626772054,635960102,,22.3608398438,0.511004269123,0.0,11.426484108,0.0,0.0,0,0,0,False,(),,
2021/07/20/11:07:33.002789,11070,1626772054,675961971,,22.3608398438,0.511004269123,0.0,11.426484108,0.0,0.0,0,0,0,False,(),,
2021/07/20/11:07:33.041851,11071,1626772054,716558933,,22.3608398438,0.517637312412,0.0,11.5748052597,0.0,0.0,0,0,0,False,(),,
2021/07/20/11:07:33.081147,11072,1626772054,755593061,,22.3608398438,0.517637312412,0.0,11.5748052597,0.0,0.0,0,0,0,False,(),,
2021/07/20/11:07:33.121684,11073,1626772054,795918941,,22.3608398438,0.504371166229,0.0,11.2781639099,0.0,0.0,0,0,0,False,(),,
2021/07/20/11:07:33.164295,11074,1626772054,836095094,,22.3824996948,0.511004269123,0.0,11.4375524521,0.0,0.0,0,0,0,False,(),,
2021/07/20/11:07:33.206688,11075,1626772054,875952005,,22.3824996948,0.517637312412,0.0,11.586016655,0.0,0.0,0,0,0,False,(),,
2021/07/20/11:07:33.242909,11076,1626772054,915882110,,22.3824996948,0.511004269123,0.0,11.4375524521,0.0,0.0,0,0,0,False,(),,
2021/07/20/11:07:33.282204,11077,1626772054,955701112,,22.3608398438,0.504371166229,0.0,11.2781639099,0.0,0.0,0,0,0,False,(),,
2021/07/20/11:07:33.321956,11078,1626772054,995922088,,22.3608398438,0.511004269123,0.0,11.426484108,0.0,0.0,0,0,0,False,(),,
2021/07/20/11:07:33.362619,11079,1626772055,36303043,,22.3824996948,0.511004269123,0.0,11.4375524521,0.0,0.0,0,0,0,False,(),,
2021/07/20/11:07:33.402077,11080,1626772055,76070070,,22.3824996948,0.511004269123,0.0,11.4375524521,0.0,0.0,0,0,0,False,(),,
2021/07/20/11:07:33.442348,11081,1626772055,115912914,,22.3608398438,0.504371166229,0.0,11.2781639099,0.0,0.0,0,0,0,False,(),,
2021/07/20/11:07:33.481564,11082,1626772055,156135082,,22.3608398438,0.511004269123,0.0,11.426484108,0.0,0.0,0,0,0,False,(),,
2021/07/20/11:07:33.521897,11083,1626772055,196028947,,22.3608398438,0.504371166229,0.0,11.2781639099,0.0,0.0,0,0,0,False,(),,
2021/07/20/11:07:33.561968,11084,1626772055,235809087,,22.3824996948,0.504371166229,0.0,11.2890882492,0.0,0.0,0,0,0,False,(),,
2021/07/20/11:07:33.602035,11085,1626772055,276189088,,22.3608398438,0.49773812294,0.0,11.1298427582,0.0,0.0,0,0,0,False,(),,
2021/07/20/11:07:33.642080,11086,1626772055,316201925,,22.3824996948,0.511004269123,0.0,11.4375524521,0.0,0.0,0,0,0,False,(),,
2021/07/20/11:07:33.682528,11087,1626772055,355943918,,22.3608398438,0.511004269123,0.0,11.426484108,0.0,0.0,0,0,0,False,(),,
2021/07/20/11:07:33.736454,11088,1626772055,395984888,,22.3824996948,0.504371166229,0.0,11.2890882492,0.0,0.0,0,0,0,False,(),,
2021/07/20/11:07:33.934388,11089,1626772055,435993909,,22.3608398438,0.511004269123,0.0,11.426484108,0.0,0.0,0,0,0,False,(),,
2021/07/20/11:07:33.934417,11090,1626772055,475680112,,22.3608398438,0.504371166229,0.0,11.2781639099,0.0,0.0,0,0,0,False,(),,
2021/07/20/11:07:33.934422,11091,1626772055,515762090,,22.3608398438,0.49773812294,0.0,11.1298427582,0.0,0.0,0,0,0,False,(),,
2021/07/20/11:07:33.934427,11092,1626772055,555907964,,22.3608398438,0.504371166229,0.0,11.2781639099,0.0,0.0,0,0,0,False,(),,
2021/07/20/11:07:33.934445,11093,1626772055,596021890,,22.3608398438,0.49773812294,0.0,11.1298427582,0.0,0.0,0,0,0,False,(),,
2021/07/20/11:07:33.985228,11094,1626772055,635569095,,22.3608398438,0.504371166229,0.0,11.2781639099,0.0,0.0,0,0,0,False,(),,
2021/07/20/11:07:34.004487,11095,1626772055,675968885,,22.3608398438,0.511004269123,0.0,11.426484108,0.0,0.0,0,0,0,False,(),,
2021/07/20/11:07:34.042902,11096,1626772055,716042041,,22.3824996948,0.511004269123,0.0,11.4375524521,0.0,0.0,0,0,0,False,(),,
2021/07/20/11:07:34.081341,11097,1626772055,755788087,,22.3608398438,0.511004269123,0.0,11.426484108,0.0,0.0,0,0,0,False,(),,
2021/07/20/11:07:34.126074,11098,1626772055,795914888,,22.3608398438,0.517637312412,0.0,11.5748052597,0.0,0.0,0,0,0,False,(),,
2021/07/20/11:07:34.162248,11099,1626772055,835920095,,22.3824996948,0.504371166229,0.0,11.2890882492,0.0,0.0,0,0,0,False,(),,
2021/07/20/11:07:34.202427,11100,1626772055,875941991,,22.3608398438,0.517637312412,0.0,11.5748052597,0.0,0.0,0,0,0,False,(),,
2021/07/20/11:07:34.240853,11101,1626772055,915507078,,22.3608398438,0.504371166229,0.0,11.2781639099,0.0,0.0,0,0,0,False,(),,
2021/07/20/11:07:34.281930,11102,1626772055,955714941,,22.3608398438,0.517637312412,0.0,11.5748052597,0.0,0.0,0,0,0,False,(),,
2021/07/20/11:07:34.321842,11103,1626772055,995913028,,22.3824996948,0.504371166229,0.0,11.2890882492,0.0,0.0,0,0,0,False,(),,
2021/07/20/11:07:34.361928,11104,1626772056,35775899,,22.3608398438,0.511004269123,0.0,11.426484108,0.0,0.0,0,0,0,False,(),,
2021/07/20/11:07:34.401831,11105,1626772056,75642108,,22.3608398438,0.517637312412,0.0,11.5748052597,0.0,0.0,0,0,0,False,(),,
2021/07/20/11:07:34.442050,11106,1626772056,115812063,,22.3824996948,0.511004269123,0.0,11.4375524521,0.0,0.0,0,0,0,False,(),,
2021/07/20/11:07:34.481794,11107,1626772056,156071901,,22.3608398438,0.511004269123,0.0,11.426484108,0.0,0.0,0,0,0,False,(),,
2021/07/20/11:07:34.522469,11108,1626772056,195925951,,22.3608398438,0.511004269123,0.0,11.426484108,0.0,0.0,0,0,0,False,(),,
2021/07/20/11:07:34.562167,11109,1626772056,235948085,,22.3824996948,0.511004269123,0.0,11.4375524521,0.0,0.0,0,0,0,False,(),,
2021/07/20/11:07:34.601751,11110,1626772056,276076078,,22.3824996948,0.504371166229,0.0,11.2890882492,0.0,0.0,0,0,0,False,(),,
2021/07/20/11:07:34.643199,11111,1626772056,315965890,,22.3608398438,0.49773812294,0.0,11.1298427582,0.0,0.0,0,0,0,False,(),,
2021/07/20/11:07:34.682503,11112,1626772056,356024026,,22.3608398438,0.511004269123,0.0,11.426484108,0.0,0.0,0,0,0,False,(),,
2021/07/20/11:07:34.723755,11113,1626772056,396040916,,22.3824996948,0.511004269123,0.0,11.4375524521,0.0,0.0,0,0,0,False,(),,
2021/07/20/11:07:34.931841,11114,1626772056,435554027,,22.3608398438,0.511004269123,0.0,11.426484108,0.0,0.0,0,0,0,False,(),,
2021/07/20/11:07:34.931859,11115,1626772056,475924015,,22.3608398438,0.511004269123,0.0,11.426484108,0.0,0.0,0,0,0,False,(),,
2021/07/20/11:07:34.931867,11116,1626772056,515978097,,22.3608398438,0.511004269123,0.0,11.426484108,0.0,0.0,0,0,0,False,(),,
2021/07/20/11:07:34.931875,11117,1626772056,555740118,,22.3824996948,0.517637312412,0.0,11.586016655,0.0,0.0,0,0,0,False,(),,
2021/07/20/11:07:34.931898,11118,1626772056,595865964,,22.3824996948,0.504371166229,0.0,11.2890882492,0.0,0.0,0,0,0,False,(),,
2021/07/20/11:07:34.988394,11119,1626772056,635962009,,22.3608398438,0.504371166229,0.0,11.2781639099,0.0,0.0,0,0,0,False,(),,
2021/07/20/11:07:35.002109,11120,1626772056,675617933,,22.3824996948,0.511004269123,0.0,11.4375524521,0.0,0.0,0,0,0,False,(),,
2021/07/20/11:07:35.041343,11121,1626772056,715729951,,22.3608398438,0.517637312412,0.0,11.5748052597,0.0,0.0,0,0,0,False,(),,
2021/07/20/11:07:35.082934,11122,1626772056,756043910,,22.3608398438,0.504371166229,0.0,11.2781639099,0.0,0.0,0,0,0,False,(),,
2021/07/20/11:07:35.122001,11123,1626772056,796035051,,22.3608398438,0.511004269123,0.0,11.426484108,0.0,0.0,0,0,0,False,(),,
2021/07/20/11:07:35.162750,11124,1626772056,835916042,,22.3608398438,0.511004269123,0.0,11.426484108,0.0,0.0,0,0,0,False,(),,
2021/07/20/11:07:35.201850,11125,1626772056,875961065,,22.3824996948,0.504371166229,0.0,11.2890882492,0.0,0.0,0,0,0,False,(),,
2021/07/20/11:07:35.243508,11126,1626772056,916028976,,22.3608398438,0.504371166229,0.0,11.2781639099,0.0,0.0,0,0,0,False,(),,
2021/07/20/11:07:35.282549,11127,1626772056,956067085,,22.3608398438,0.511004269123,0.0,11.426484108,0.0,0.0,0,0,0,False,(),,
2021/07/20/11:07:35.322202,11128,1626772056,996046066,,22.3608398438,0.504371166229,0.0,11.2781639099,0.0,0.0,0,0,0,False,(),,
2021/07/20/11:07:35.362261,11129,1626772057,35949945,,22.3608398438,0.524270355701,0.0,11.7231254578,0.0,0.0,0,0,0,False,(),,
2021/07/20/11:07:35.402365,11130,1626772057,75803995,,22.3824996948,0.517637312412,0.0,11.586016655,0.0,0.0,0,0,0,False,(),,
2021/07/20/11:07:35.445080,11131,1626772057,116053104,,22.3608398438,0.511004269123,0.0,11.426484108,0.0,0.0,0,0,0,False,(),,
2021/07/20/11:07:35.481395,11132,1626772057,155997037,,22.3608398438,0.504371166229,0.0,11.2781639099,0.0,0.0,0,0,0,False,(),,
2021/07/20/11:07:35.521651,11133,1626772057,195626974,,22.3824996948,0.504371166229,0.0,11.2890882492,0.0,0.0,0,0,0,False,(),,
2021/07/20/11:07:35.561755,11134,1626772057,235960006,,22.3824996948,0.504371166229,0.0,11.2890882492,0.0,0.0,0,0,0,False,(),,
2021/07/20/11:07:35.604949,11135,1626772057,276539087,,22.3608398438,0.511004269123,0.0,11.426484108,0.0,0.0,0,0,0,False,(),,
2021/07/20/11:07:35.642252,11136,1626772057,316128015,,22.3608398438,0.49773812294,0.0,11.1298427582,0.0,0.0,0,0,0,False,(),,
2021/07/20/11:07:35.681546,11137,1626772057,355963945,,22.3824996948,0.49773812294,0.0,11.1406230927,0.0,0.0,0,0,0,False,(),,
2021/07/20/11:07:35.727183,11138,1626772057,396006107,,22.3608398438,0.524270355701,0.0,11.7231254578,0.0,0.0,0,0,0,False,(),,
2021/07/20/11:07:35.932335,11139,1626772057,435633897,,22.3824996948,0.504371166229,0.0,11.2890882492,0.0,0.0,0,0,0,False,(),,
2021/07/20/11:07:35.932366,11140,1626772057,475676059,,22.3608398438,0.511004269123,0.0,11.426484108,0.0,0.0,0,0,0,False,(),,
2021/07/20/11:07:35.932411,11141,1626772057,516104936,,22.3608398438,0.504371166229,0.0,11.2781639099,0.0,0.0,0,0,0,False,(),,
2021/07/20/11:07:35.932420,11142,1626772057,555757045,,22.3608398438,0.504371166229,0.0,11.2781639099,0.0,0.0,0,0,0,False,(),,
2021/07/20/11:07:35.932426,11143,1626772057,595698118,,22.3608398438,0.504371166229,0.0,11.2781639099,0.0,0.0,0,0,0,False,(),,
2021/07/20/11:07:35.999947,11144,1626772057,635900020,,22.3608398438,0.49773812294,0.0,11.1298427582,0.0,0.0,0,0,0,False,(),,
2021/07/20/11:07:36.002424,11145,1626772057,675987005,,22.3608398438,0.511004269123,0.0,11.426484108,0.0,0.0,0,0,0,False,(),,
2021/07/20/11:07:36.041952,11146,1626772057,716067075,,22.3824996948,0.524270355701,0.0,11.7344808578,0.0,0.0,0,0,0,False,(),,
2021/07/20/11:07:36.081367,11147,1626772057,755969047,,22.3824996948,0.504371166229,0.0,11.2890882492,0.0,0.0,0,0,0,False,(),,
2021/07/20/11:07:36.121598,11148,1626772057,795813083,,22.3824996948,0.517637312412,0.0,11.586016655,0.0,0.0,0,0,0,False,(),,
2021/07/20/11:07:36.162259,11149,1626772057,835762023,,22.3608398438,0.524270355701,0.0,11.7231254578,0.0,0.0,0,0,0,False,(),,
2021/07/20/11:07:36.201852,11150,1626772057,876302003,,22.3608398438,0.511004269123,0.0,11.426484108,0.0,0.0,0,0,0,False,(),,
2021/07/20/11:07:36.242255,11151,1626772057,916094064,,22.3824996948,0.504371166229,0.0,11.2890882492,0.0,0.0,0,0,0,False,(),,
2021/07/20/11:07:36.289654,11152,1626772057,956051111,,22.3608398438,0.504371166229,0.0,11.2781639099,0.0,0.0,0,0,0,False,(),,
2021/07/20/11:07:36.321908,11153,1626772057,995954036,,22.3608398438,0.517637312412,0.0,11.5748052597,0.0,0.0,0,0,0,False,(),,
2021/07/20/11:07:36.361134,11154,1626772058,35758018,,22.3824996948,0.511004269123,0.0,11.4375524521,0.0,0.0,0,0,0,False,(),,
2021/07/20/11:07:36.402431,11155,1626772058,75803995,,22.3608398438,0.511004269123,0.0,11.426484108,0.0,0.0,0,0,0,False,(),,
2021/07/20/11:07:36.442762,11156,1626772058,115923881,,22.3608398438,0.517637312412,0.0,11.5748052597,0.0,0.0,0,0,0,False,(),,
2021/07/20/11:07:36.481504,11157,1626772058,155922889,,22.3608398438,0.517637312412,0.0,11.5748052597,0.0,0.0,0,0,0,False,(),,
2021/07/20/11:07:36.522098,11158,1626772058,195920944,,22.3824996948,0.517637312412,0.0,11.586016655,0.0,0.0,0,0,0,False,(),,
2021/07/20/11:07:36.562300,11159,1626772058,235924005,,22.3824996948,0.517637312412,0.0,11.586016655,0.0,0.0,0,0,0,False,(),,
2021/07/20/11:07:36.602492,11160,1626772058,275758028,,22.3824996948,0.517637312412,0.0,11.586016655,0.0,0.0,0,0,0,False,(),,
2021/07/20/11:07:36.641758,11161,1626772058,315850973,,22.3824996948,0.517637312412,0.0,11.586016655,0.0,0.0,0,0,0,False,(),,
2021/07/20/11:07:36.691314,11162,1626772058,355894088,,22.3608398438,0.504371166229,0.0,11.2781639099,0.0,0.0,0,0,0,False,(),,
2021/07/20/11:07:36.721832,11163,1626772058,395967960,,22.3824996948,0.511004269123,0.0,11.4375524521,0.0,0.0,0,0,0,False,(),,
2021/07/20/11:07:36.931910,11164,1626772058,435856103,,22.3608398438,0.511004269123,0.0,11.426484108,0.0,0.0,0,0,0,False,(),,
2021/07/20/11:07:36.931925,11165,1626772058,475919961,,22.3824996948,0.517637312412,0.0,11.586016655,0.0,0.0,0,0,0,False,(),,
2021/07/20/11:07:36.931931,11166,1626772058,515949964,,22.3608398438,0.517637312412,0.0,11.5748052597,0.0,0.0,0,0,0,False,(),,
2021/07/20/11:07:36.931935,11167,1626772058,555902004,,22.3608398438,0.517637312412,0.0,11.5748052597,0.0,0.0,0,0,0,False,(),,
2021/07/20/11:07:36.931948,11168,1626772058,595789909,,22.3824996948,0.511004269123,0.0,11.4375524521,0.0,0.0,0,0,0,False,(),,
2021/07/20/11:07:36.983927,11169,1626772058,635772943,,22.3608398438,0.517637312412,0.0,11.5748052597,0.0,0.0,0,0,0,False,(),,
2021/07/20/11:07:37.001867,11170,1626772058,676119089,,22.3824996948,0.524270355701,0.0,11.7344808578,0.0,0.0,0,0,0,False,(),,
2021/07/20/11:07:37.044756,11171,1626772058,715908050,,22.3824996948,0.511004269123,0.0,11.4375524521,0.0,0.0,0,0,0,False,(),,
2021/07/20/11:07:37.082528,11172,1626772058,755743980,,22.3608398438,0.511004269123,0.0,11.426484108,0.0,0.0,0,0,0,False,(),,
2021/07/20/11:07:37.123735,11173,1626772058,795881032,,22.3824996948,0.517637312412,0.0,11.586016655,0.0,0.0,0,0,0,False,(),,
2021/07/20/11:07:37.161993,11174,1626772058,835967063,,22.3608398438,0.511004269123,0.0,11.426484108,0.0,0.0,0,0,0,False,(),,
2021/07/20/11:07:37.202421,11175,1626772058,875976085,,22.3608398438,0.517637312412,0.0,11.5748052597,0.0,0.0,0,0,0,False,(),,
2021/07/20/11:07:37.243989,11176,1626772058,915940046,,22.3608398438,0.511004269123,0.0,11.426484108,0.0,0.0,0,0,0,False,(),,
2021/07/20/11:07:37.284265,11177,1626772058,955888032,,22.3608398438,0.511004269123,0.0,11.426484108,0.0,0.0,0,0,0,False,(),,
2021/07/20/11:07:37.416600,11178,1626772058,995665073,,22.3608398438,0.517637312412,0.0,11.5748052597,0.0,0.0,0,0,0,False,(),,
2021/07/20/11:07:37.416610,11179,1626772059,35864114,,22.3824996948,0.511004269123,0.0,11.4375524521,0.0,0.0,0,0,0,False,(),,
2021/07/20/11:07:37.421118,11180,1626772059,76078891,,22.3608398438,0.517637312412,0.0,11.5748052597,0.0,0.0,0,0,0,False,(),,
2021/07/20/11:07:37.442161,11181,1626772059,115982055,,22.3608398438,0.524270355701,0.0,11.7231254578,0.0,0.0,0,0,0,False,(),,
2021/07/20/11:07:37.481886,11182,1626772059,156043052,,22.3824996948,0.511004269123,0.0,11.4375524521,0.0,0.0,0,0,0,False,(),,
2021/07/20/11:07:37.522319,11183,1626772059,195799112,,22.3608398438,0.504371166229,0.0,11.2781639099,0.0,0.0,0,0,0,False,(),,
2021/07/20/11:07:37.562946,11184,1626772059,235937118,,22.3608398438,0.511004269123,0.0,11.426484108,0.0,0.0,0,0,0,False,(),,
2021/07/20/11:07:37.601958,11185,1626772059,276108980,,22.3824996948,0.517637312412,0.0,11.586016655,0.0,0.0,0,0,0,False,(),,
2021/07/20/11:07:37.641146,11186,1626772059,315610885,,22.3608398438,0.517637312412,0.0,11.5748052597,0.0,0.0,0,0,0,False,(),,
2021/07/20/11:07:37.682253,11187,1626772059,356040000,,22.3608398438,0.517637312412,0.0,11.5748052597,0.0,0.0,0,0,0,False,(),,
2021/07/20/11:07:37.737094,11188,1626772059,395937919,,22.3824996948,0.517637312412,0.0,11.586016655,0.0,0.0,0,0,0,False,(),,
2021/07/20/11:07:37.939931,11189,1626772059,435743093,,22.3608398438,0.511004269123,0.0,11.426484108,0.0,0.0,0,0,0,False,(),,
2021/07/20/11:07:37.939943,11190,1626772059,475749015,,22.3608398438,0.511004269123,0.0,11.426484108,0.0,0.0,0,0,0,False,(),,
2021/07/20/11:07:37.939948,11191,1626772059,516145944,,22.3608398438,0.511004269123,0.0,11.426484108,0.0,0.0,0,0,0,False,(),,
2021/07/20/11:07:37.939959,11192,1626772059,555736064,,22.3608398438,0.511004269123,0.0,11.426484108,0.0,0.0,0,0,0,False,(),,
2021/07/20/11:07:37.939966,11193,1626772059,595906972,,22.3608398438,0.504371166229,0.0,11.2781639099,0.0,0.0,0,0,0,False,(),,
2021/07/20/11:07:37.962343,11194,1626772059,636231899,,22.3608398438,0.504371166229,0.0,11.2781639099,0.0,0.0,0,0,0,False,(),,
2021/07/20/11:07:38.006613,11195,1626772059,675972938,,22.3824996948,0.524270355701,0.0,11.7344808578,0.0,0.0,0,0,0,False,(),,
2021/07/20/11:07:38.041176,11196,1626772059,715749025,,22.3608398438,0.511004269123,0.0,11.426484108,0.0,0.0,0,0,0,False,(),,
2021/07/20/11:07:38.081468,11197,1626772059,755880117,,22.3608398438,0.524270355701,0.0,11.7231254578,0.0,0.0,0,0,0,False,(),,
2021/07/20/11:07:38.121754,11198,1626772059,795782089,,22.3608398438,0.511004269123,0.0,11.426484108,0.0,0.0,0,0,0,False,(),,
2021/07/20/11:07:38.162138,11199,1626772059,835675001,,22.3608398438,0.517637312412,0.0,11.5748052597,0.0,0.0,0,0,0,False,(),,
2021/07/20/11:07:38.202526,11200,1626772059,876087903,,22.3608398438,0.511004269123,0.0,11.426484108,0.0,0.0,0,0,0,False,(),,
2021/07/20/11:07:38.240860,11201,1626772059,915590047,,22.3824996948,0.517637312412,0.0,11.586016655,0.0,0.0,0,0,0,False,(),,
2021/07/20/11:07:38.283457,11202,1626772059,955661058,,22.3824996948,0.511004269123,0.0,11.4375524521,0.0,0.0,0,0,0,False,(),,
2021/07/20/11:07:38.322815,11203,1626772059,995753049,,22.3824996948,0.504371166229,0.0,11.2890882492,0.0,0.0,0,0,0,False,(),,
2021/07/20/11:07:38.361499,11204,1626772060,35692930,,22.3608398438,0.504371166229,0.0,11.2781639099,0.0,0.0,0,0,0,False,(),,
2021/07/20/11:07:38.402461,11205,1626772060,75961112,,22.3824996948,0.504371166229,0.0,11.2890882492,0.0,0.0,0,0,0,False,(),,
2021/07/20/11:07:38.442338,11206,1626772060,116025924,,22.3608398438,0.517637312412,0.0,11.5748052597,0.0,0.0,0,0,0,False,(),,
2021/07/20/11:07:38.483292,11207,1626772060,155802965,,22.3824996948,0.511004269123,0.0,11.4375524521,0.0,0.0,0,0,0,False,(),,
2021/07/20/11:07:38.522881,11208,1626772060,195933103,,22.3608398438,0.517637312412,0.0,11.5748052597,0.0,0.0,0,0,0,False,(),,
2021/07/20/11:07:38.562193,11209,1626772060,236015081,,22.3824996948,0.504371166229,0.0,11.2890882492,0.0,0.0,0,0,0,False,(),,
2021/07/20/11:07:38.601675,11210,1626772060,275909900,,22.3824996948,0.511004269123,0.0,11.4375524521,0.0,0.0,0,0,0,False,(),,
2021/07/20/11:07:38.642541,11211,1626772060,316025972,,22.3608398438,0.504371166229,0.0,11.2781639099,0.0,0.0,0,0,0,False,(),,
2021/07/20/11:07:38.682671,11212,1626772060,356117963,,22.3824996948,0.511004269123,0.0,11.4375524521,0.0,0.0,0,0,0,False,(),,
2021/07/20/11:07:38.725430,11213,1626772060,395987033,,22.3608398438,0.517637312412,0.0,11.5748052597,0.0,0.0,0,0,0,False,(),,
2021/07/20/11:07:38.941376,11214,1626772060,436247110,,22.3608398438,0.504371166229,0.0,11.2781639099,0.0,0.0,0,0,0,False,(),,
2021/07/20/11:07:38.941394,11215,1626772060,475764989,,22.3824996948,0.511004269123,0.0,11.4375524521,0.0,0.0,0,0,0,False,(),,
2021/07/20/11:07:38.941404,11216,1626772060,516024112,,22.3608398438,0.504371166229,0.0,11.2781639099,0.0,0.0,0,0,0,False,(),,
2021/07/20/11:07:38.941420,11217,1626772060,556009054,,22.3824996948,0.517637312412,0.0,11.586016655,0.0,0.0,0,0,0,False,(),,
2021/07/20/11:07:38.941431,11218,1626772060,595911979,,22.3824996948,0.49773812294,0.0,11.1406230927,0.0,0.0,0,0,0,False,(),,
2021/07/20/11:07:38.961049,11219,1626772060,635627031,,22.3608398438,0.511004269123,0.0,11.426484108,0.0,0.0,0,0,0,False,(),,
2021/07/20/11:07:39.002562,11220,1626772060,675981044,,22.3608398438,0.524270355701,0.0,11.7231254578,0.0,0.0,0,0,0,False,(),,
2021/07/20/11:07:39.047924,11221,1626772060,715928077,,22.3824996948,0.504371166229,0.0,11.2890882492,0.0,0.0,0,0,0,False,(),,
2021/07/20/11:07:39.082172,11222,1626772060,755995035,,22.3824996948,0.504371166229,0.0,11.2890882492,0.0,0.0,0,0,0,False,(),,
2021/07/20/11:07:39.121775,11223,1626772060,795957088,,22.3608398438,0.504371166229,0.0,11.2781639099,0.0,0.0,0,0,0,False,(),,
2021/07/20/11:07:39.161780,11224,1626772060,835702896,,22.3608398438,0.511004269123,0.0,11.426484108,0.0,0.0,0,0,0,False,(),,
2021/07/20/11:07:39.201377,11225,1626772060,875931024,,22.3608398438,0.504371166229,0.0,11.2781639099,0.0,0.0,0,0,0,False,(),,
2021/07/20/11:07:39.244878,11226,1626772060,915569067,,22.3608398438,0.511004269123,0.0,11.426484108,0.0,0.0,0,0,0,False,(),,
2021/07/20/11:07:39.281961,11227,1626772060,955714941,,22.3608398438,0.504371166229,0.0,11.2781639099,0.0,0.0,0,0,0,False,(),,
2021/07/20/11:07:39.322361,11228,1626772060,995996952,,22.3608398438,0.511004269123,0.0,11.426484108,0.0,0.0,0,0,0,False,(),,
2021/07/20/11:07:39.365158,11229,1626772061,36027908,,22.3608398438,0.511004269123,0.0,11.426484108,0.0,0.0,0,0,0,False,(),,
2021/07/20/11:07:39.401684,11230,1626772061,75984954,,22.3608398438,0.504371166229,0.0,11.2781639099,0.0,0.0,0,0,0,False,(),,
2021/07/20/11:07:39.442332,11231,1626772061,115637063,,22.3608398438,0.511004269123,0.0,11.426484108,0.0,0.0,0,0,0,False,(),,
2021/07/20/11:07:39.482827,11232,1626772061,155922889,,22.3608398438,0.504371166229,0.0,11.2781639099,0.0,0.0,0,0,0,False,(),,
2021/07/20/11:07:39.522123,11233,1626772061,196067094,,22.3824996948,0.511004269123,0.0,11.4375524521,0.0,0.0,0,0,0,False,(),,
2021/07/20/11:07:39.562027,11234,1626772061,235724925,,22.3608398438,0.504371166229,0.0,11.2781639099,0.0,0.0,0,0,0,False,(),,
2021/07/20/11:07:39.601520,11235,1626772061,276010036,,22.3608398438,0.504371166229,0.0,11.2781639099,0.0,0.0,0,0,0,False,(),,
2021/07/20/11:07:39.642034,11236,1626772061,315731048,,22.3608398438,0.511004269123,0.0,11.426484108,0.0,0.0,0,0,0,False,(),,
2021/07/20/11:07:39.680986,11237,1626772061,355648994,,22.3824996948,0.504371166229,0.0,11.2890882492,0.0,0.0,0,0,0,False,(),,
2021/07/20/11:07:39.721494,11238,1626772061,395827054,,22.3824996948,0.517637312412,0.0,11.586016655,0.0,0.0,0,0,0,False,(),,
2021/07/20/11:07:39.762468,11239,1626772061,435697078,,22.3608398438,0.517637312412,0.0,11.5748052597,0.0,0.0,0,0,0,False,(),,
2021/07/20/11:07:39.967889,11240,1626772061,476211071,,22.3608398438,0.511004269123,0.0,11.426484108,0.0,0.0,0,0,0,False,(),,
2021/07/20/11:07:39.967902,11241,1626772061,515721082,,22.3608398438,0.504371166229,0.0,11.2781639099,0.0,0.0,0,0,0,False,(),,
2021/07/20/11:07:39.967908,11242,1626772061,555742025,,22.3824996948,0.49773812294,0.0,11.1406230927,0.0,0.0,0,0,0,False,(),,
2021/07/20/11:07:39.967912,11243,1626772061,596301078,,22.3824996948,0.511004269123,0.0,11.4375524521,0.0,0.0,0,0,0,False,(),,
2021/07/20/11:07:39.967934,11244,1626772061,635550022,,22.3608398438,0.511004269123,0.0,11.426484108,0.0,0.0,0,0,0,False,(),,
2021/07/20/11:07:40.002086,11245,1626772061,675959110,,22.3608398438,0.524270355701,0.0,11.7231254578,0.0,0.0,0,0,0,False,(),,
2021/07/20/11:07:40.042335,11246,1626772061,715951919,,22.3608398438,0.504371166229,0.0,11.2781639099,0.0,0.0,0,0,0,False,(),,
2021/07/20/11:07:40.082386,11247,1626772061,755995035,,22.3824996948,0.511004269123,0.0,11.4375524521,0.0,0.0,0,0,0,False,(),,
2021/07/20/11:07:40.122486,11248,1626772061,795860052,,22.3608398438,0.504371166229,0.0,11.2781639099,0.0,0.0,0,0,0,False,(),,
2021/07/20/11:07:40.161866,11249,1626772061,835988044,,22.3608398438,0.49773812294,0.0,11.1298427582,0.0,0.0,0,0,0,False,(),,
2021/07/20/11:07:40.203928,11250,1626772061,875665903,,22.3824996948,0.511004269123,0.0,11.4375524521,0.0,0.0,0,0,0,False,(),,
2021/07/20/11:07:40.240857,11251,1626772061,915515899,,22.3608398438,0.504371166229,0.0,11.2781639099,0.0,0.0,0,0,0,False,(),,
2021/07/20/11:07:40.282078,11252,1626772061,955704927,,22.3608398438,0.49773812294,0.0,11.1298427582,0.0,0.0,0,0,0,False,(),,
2021/07/20/11:07:40.321209,11253,1626772061,995851993,,22.3824996948,0.49773812294,0.0,11.1406230927,0.0,0.0,0,0,0,False,(),,
2021/07/20/11:07:40.361356,11254,1626772062,35682916,,22.3824996948,0.511004269123,0.0,11.4375524521,0.0,0.0,0,0,0,False,(),,
2021/07/20/11:07:40.401767,11255,1626772062,75750112,,22.3824996948,0.504371166229,0.0,11.2890882492,0.0,0.0,0,0,0,False,(),,
2021/07/20/11:07:40.442315,11256,1626772062,115995883,,22.3824996948,0.49773812294,0.0,11.1406230927,0.0,0.0,0,0,0,False,(),,
2021/07/20/11:07:40.482982,11257,1626772062,156141042,,22.3608398438,0.504371166229,0.0,11.2781639099,0.0,0.0,0,0,0,False,(),,
2021/07/20/11:07:40.521704,11258,1626772062,196109056,,22.3824996948,0.517637312412,0.0,11.586016655,0.0,0.0,0,0,0,False,(),,
2021/07/20/11:07:40.564422,11259,1626772062,235752105,,22.3608398438,0.511004269123,0.0,11.426484108,0.0,0.0,0,0,0,False,(),,
2021/07/20/11:07:40.601606,11260,1626772062,275988101,,22.3608398438,0.511004269123,0.0,11.426484108,0.0,0.0,0,0,0,False,(),,
2021/07/20/11:07:40.641821,11261,1626772062,315609931,,22.3824996948,0.504371166229,0.0,11.2890882492,0.0,0.0,0,0,0,False,(),,
2021/07/20/11:07:40.681952,11262,1626772062,356178998,,22.3824996948,0.504371166229,0.0,11.2890882492,0.0,0.0,0,0,0,False,(),,
2021/07/20/11:07:40.722598,11263,1626772062,395957946,,22.3608398438,0.49773812294,0.0,11.1298427582,0.0,0.0,0,0,0,False,(),,
2021/07/20/11:07:40.763984,11264,1626772062,435781002,,22.3608398438,0.504371166229,0.0,11.2781639099,0.0,0.0,0,0,0,False,(),,
2021/07/20/11:07:40.938163,11265,1626772062,475892066,,22.3608398438,0.504371166229,0.0,11.2781639099,0.0,0.0,0,0,0,False,(),,
2021/07/20/11:07:40.938190,11266,1626772062,515701055,,22.3824996948,0.49773812294,0.0,11.1406230927,0.0,0.0,0,0,0,False,(),,
2021/07/20/11:07:40.938201,11267,1626772062,555690050,,22.3824996948,0.511004269123,0.0,11.4375524521,0.0,0.0,0,0,0,False,(),,
2021/07/20/11:07:40.938235,11268,1626772062,595709085,,22.3608398438,0.49773812294,0.0,11.1298427582,0.0,0.0,0,0,0,False,(),,
2021/07/20/11:07:40.963248,11269,1626772062,635598897,,22.3824996948,0.504371166229,0.0,11.2890882492,0.0,0.0,0,0,0,False,(),,
2021/07/20/11:07:41.002760,11270,1626772062,676120996,,22.3824996948,0.511004269123,0.0,11.4375524521,0.0,0.0,0,0,0,False,(),,
2021/07/20/11:07:41.042090,11271,1626772062,716125965,,22.3608398438,0.504371166229,0.0,11.2781639099,0.0,0.0,0,0,0,False,(),,
2021/07/20/11:07:41.082057,11272,1626772062,755776882,,22.3608398438,0.511004269123,0.0,11.426484108,0.0,0.0,0,0,0,False,(),,
2021/07/20/11:07:41.130733,11273,1626772062,795592069,,22.3608398438,0.504371166229,0.0,11.2781639099,0.0,0.0,0,0,0,False,(),,
2021/07/20/11:07:41.161833,11274,1626772062,835834026,,22.3608398438,0.511004269123,0.0,11.426484108,0.0,0.0,0,0,0,False,(),,
2021/07/20/11:07:41.202315,11275,1626772062,875941991,,22.3608398438,0.504371166229,0.0,11.2781639099,0.0,0.0,0,0,0,False,(),,
2021/07/20/11:07:41.242269,11276,1626772062,915832042,,22.3608398438,0.511004269123,0.0,11.426484108,0.0,0.0,0,0,0,False,(),,
2021/07/20/11:07:41.283446,11277,1626772062,956141948,,22.3608398438,0.49773812294,0.0,11.1298427582,0.0,0.0,0,0,0,False,(),,
2021/07/20/11:07:41.321253,11278,1626772062,995724916,,22.3608398438,0.511004269123,0.0,11.426484108,0.0,0.0,0,0,0,False,(),,
2021/07/20/11:07:41.362126,11279,1626772063,36349058,,22.3608398438,0.511004269123,0.0,11.426484108,0.0,0.0,0,0,0,False,(),,
2021/07/20/11:07:41.401958,11280,1626772063,75886964,,22.3608398438,0.517637312412,0.0,11.5748052597,0.0,0.0,0,0,0,False,(),,
2021/07/20/11:07:41.441918,11281,1626772063,116004943,,22.3608398438,0.504371166229,0.0,11.2781639099,0.0,0.0,0,0,0,False,(),,
2021/07/20/11:07:41.481830,11282,1626772063,155906915,,22.3824996948,0.384976118803,0.0,8.61672782898,0.0,0.0,0,0,0,False,(),,
2021/07/20/11:07:41.521127,11283,1626772063,195686101,,22.3608398438,0.325278580189,0.0,7.27350282669,0.0,0.0,0,0,0,False,(),,
2021/07/20/11:07:41.561395,11284,1626772063,235594034,,22.3824996948,0.325278580189,0.0,7.28054761887,0.0,0.0,0,0,0,False,(),,
2021/07/20/11:07:41.602463,11285,1626772063,275746107,,22.3824996948,0.325278580189,0.0,7.28054761887,0.0,0.0,0,0,0,False,(),,
2021/07/20/11:07:41.642044,11286,1626772063,316044092,,22.3824996948,0.325278580189,0.0,7.28054761887,0.0,0.0,0,0,0,False,(),,
2021/07/20/11:07:41.681373,11287,1626772063,355998039,,22.3824996948,0.325278580189,0.0,7.28054761887,0.0,0.0,0,0,0,False,(),,
2021/07/20/11:07:41.722256,11288,1626772063,395890951,,22.3824996948,0.325278580189,0.0,7.28054761887,0.0,0.0,0,0,0,False,(),,
2021/07/20/11:07:41.761403,11289,1626772063,435966014,,22.3824996948,0.312012463808,0.0,6.98361873627,0.0,0.0,0,0,0,False,(),,
2021/07/20/11:07:41.950605,11290,1626772063,475908994,,22.3824996948,0.312012463808,0.0,6.98361873627,0.0,0.0,0,0,0,False,(),,
2021/07/20/11:07:41.950619,11291,1626772063,515875101,,22.3824996948,0.325278580189,0.0,7.28054761887,0.0,0.0,0,0,0,False,(),,
2021/07/20/11:07:41.950626,11292,1626772063,555989980,,22.3824996948,0.3186455369,0.0,7.13208341599,0.0,0.0,0,0,0,False,(),,
2021/07/20/11:07:41.950631,11293,1626772063,595855951,,22.3824996948,0.312012463808,0.0,6.98361873627,0.0,0.0,0,0,0,False,(),,
2021/07/20/11:07:41.962318,11294,1626772063,635787963,,22.3824996948,0.3186455369,0.0,7.13208341599,0.0,0.0,0,0,0,False,(),,
2021/07/20/11:07:42.000816,11295,1626772063,675574064,,22.3824996948,0.33191165328,0.0,7.42901229858,0.0,0.0,0,0,0,False,(),,
2021/07/20/11:07:42.041399,11296,1626772063,715759038,,22.3824996948,0.312012463808,0.0,6.98361873627,0.0,0.0,0,0,0,False,(),,
2021/07/20/11:07:42.081511,11297,1626772063,755631923,,22.3608398438,0.3186455369,0.0,7.12518167496,0.0,0.0,0,0,0,False,(),,
2021/07/20/11:07:42.122824,11298,1626772063,796077966,,22.3824996948,0.325278580189,0.0,7.28054761887,0.0,0.0,0,0,0,False,(),,
2021/07/20/11:07:42.162668,11299,1626772063,836239099,,22.3824996948,0.3186455369,0.0,7.13208341599,0.0,0.0,0,0,0,False,(),,
2021/07/20/11:07:42.203161,11300,1626772063,875987052,,22.3824996948,0.3186455369,0.0,7.13208341599,0.0,0.0,0,0,0,False,(),,
2021/07/20/11:07:42.240552,11301,1626772063,915446996,,22.3824996948,0.33191165328,0.0,7.42901229858,0.0,0.0,0,0,0,False,(),,
2021/07/20/11:07:42.281281,11302,1626772063,955713033,,22.3824996948,0.325278580189,0.0,7.28054761887,0.0,0.0,0,0,0,False,(),,
2021/07/20/11:07:42.323431,11303,1626772063,996268987,,22.3824996948,0.325278580189,0.0,7.28054761887,0.0,0.0,0,0,0,False,(),,
2021/07/20/11:07:42.361204,11304,1626772064,35685062,,22.3824996948,0.312012463808,0.0,6.98361873627,0.0,0.0,0,0,0,False,(),,
2021/07/20/11:07:42.402091,11305,1626772064,75980901,,22.3824996948,0.3186455369,0.0,7.13208341599,0.0,0.0,0,0,0,False,(),,
2021/07/20/11:07:42.442156,11306,1626772064,116106033,,22.3824996948,0.325278580189,0.0,7.28054761887,0.0,0.0,0,0,0,False,(),,
2021/07/20/11:07:42.484891,11307,1626772064,155980110,,22.3824996948,0.3186455369,0.0,7.13208341599,0.0,0.0,0,0,0,False,(),,
2021/07/20/11:07:42.523649,11308,1626772064,195883035,,22.3824996948,0.3186455369,0.0,7.13208341599,0.0,0.0,0,0,0,False,(),,
2021/07/20/11:07:42.561196,11309,1626772064,235800981,,22.3824996948,0.325278580189,0.0,7.28054761887,0.0,0.0,0,0,0,False,(),,
2021/07/20/11:07:42.601291,11310,1626772064,275782108,,22.3824996948,0.312012463808,0.0,6.98361873627,0.0,0.0,0,0,0,False,(),,
2021/07/20/11:07:42.642480,11311,1626772064,315876960,,22.3608398438,0.325278580189,0.0,7.27350282669,0.0,0.0,0,0,0,False,(),,
2021/07/20/11:07:42.682377,11312,1626772064,355720043,,22.3824996948,0.411508351564,0.0,9.21058559418,0.0,0.0,0,0,0,False,(),,
2021/07/20/11:07:42.722071,11313,1626772064,396245956,,22.3824996948,0.464572817087,0.0,10.3983011246,0.0,0.0,0,0,0,False,(),,
2021/07/20/11:07:42.763416,11314,1626772064,435817956,,22.3824996948,0.47783896327,0.0,10.695230484,0.0,0.0,0,0,0,False,(),,
2021/07/20/11:07:42.967572,11315,1626772064,475735902,,22.3608398438,0.47783896327,0.0,10.6848802567,0.0,0.0,0,0,0,False,(),,
2021/07/20/11:07:42.967591,11316,1626772064,515671014,,22.3608398438,0.504371166229,0.0,11.2781639099,0.0,0.0,0,0,0,False,(),,
2021/07/20/11:07:42.967603,11317,1626772064,555927038,,22.3608398438,0.517637312412,0.0,11.5748052597,0.0,0.0,0,0,0,False,(),,
2021/07/20/11:07:42.967622,11318,1626772064,595922946,,22.3608398438,0.511004269123,0.0,11.426484108,0.0,0.0,0,0,0,False,(),,
2021/07/20/11:07:42.967628,11319,1626772064,635925054,,22.3608398438,0.511004269123,0.0,11.426484108,0.0,0.0,0,0,0,False,(),,
2021/07/20/11:07:43.002036,11320,1626772064,675822019,,22.3608398438,0.524270355701,0.0,11.7231254578,0.0,0.0,0,0,0,False,(),,
2021/07/20/11:07:43.279138,11321,1626772064,715962886,,22.3608398438,0.524270355701,0.0,11.7231254578,0.0,0.0,0,0,0,False,(),,
2021/07/20/11:07:43.279148,11322,1626772064,755908966,,22.3608398438,0.524270355701,0.0,11.7231254578,0.0,0.0,0,0,0,False,(),,
2021/07/20/11:07:43.279158,11323,1626772064,795857906,,22.3824996948,0.524270355701,0.0,11.7344808578,0.0,0.0,0,0,0,False,(),,
2021/07/20/11:07:43.279166,11324,1626772064,835753917,,22.3608398438,0.517637312412,0.0,11.5748052597,0.0,0.0,0,0,0,False,(),,
2021/07/20/11:07:43.279170,11325,1626772064,875581979,,22.3824996948,0.517637312412,0.0,11.586016655,0.0,0.0,0,0,0,False,(),,
2021/07/20/11:07:43.279178,11326,1626772064,916192054,,22.3608398438,0.517637312412,0.0,11.5748052597,0.0,0.0,0,0,0,False,(),,
2021/07/20/11:07:43.282154,11327,1626772064,955701112,,22.3824996948,0.517637312412,0.0,11.586016655,0.0,0.0,0,0,0,False,(),,
2021/07/20/11:07:43.322880,11328,1626772064,995834112,,22.3824996948,0.524270355701,0.0,11.7344808578,0.0,0.0,0,0,0,False,(),,
2021/07/20/11:07:43.362628,11329,1626772065,36133050,,22.3608398438,0.524270355701,0.0,11.7231254578,0.0,0.0,0,0,0,False,(),,
2021/07/20/11:07:43.405077,11330,1626772065,76116085,,22.3608398438,0.511004269123,0.0,11.426484108,0.0,0.0,0,0,0,False,(),,
2021/07/20/11:07:43.452391,11331,1626772065,116208076,,22.3824996948,0.511004269123,0.0,11.4375524521,0.0,0.0,0,0,0,False,(),,
2021/07/20/11:07:43.481758,11332,1626772065,155843019,,22.3824996948,0.511004269123,0.0,11.4375524521,0.0,0.0,0,0,0,False,(),,
2021/07/20/11:07:43.953467,11333,1626772065,195686101,,22.3608398438,0.517637312412,0.0,11.5748052597,0.0,0.0,0,0,0,False,(),,
2021/07/20/11:07:43.953483,11334,1626772065,235672950,,22.3608398438,0.517637312412,0.0,11.5748052597,0.0,0.0,0,0,0,False,(),,
2021/07/20/11:07:43.953496,11335,1626772065,275979995,,22.3824996948,0.524270355701,0.0,11.7344808578,0.0,0.0,0,0,0,False,(),,
2021/07/20/11:07:43.953508,11336,1626772065,315999031,,22.3608398438,0.511004269123,0.0,11.426484108,0.0,0.0,0,0,0,False,(),,
2021/07/20/11:07:43.953515,11337,1626772065,356021881,,22.3824996948,0.524270355701,0.0,11.7344808578,0.0,0.0,0,0,0,False,(),,
2021/07/20/11:07:43.953527,11338,1626772065,395644903,,22.3608398438,0.511004269123,0.0,11.426484108,0.0,0.0,0,0,0,False,(),,
2021/07/20/11:07:43.972143,11339,1626772065,435612916,,22.3608398438,0.524270355701,0.0,11.7231254578,0.0,0.0,0,0,0,False,(),,
2021/07/20/11:07:43.972151,11340,1626772065,475857019,,22.3608398438,0.504371166229,0.0,11.2781639099,0.0,0.0,0,0,0,False,(),,
2021/07/20/11:07:43.972157,11341,1626772065,515613079,,22.3824996948,0.511004269123,0.0,11.4375524521,0.0,0.0,0,0,0,False,(),,
2021/07/20/11:07:43.972165,11342,1626772065,555644989,,22.3824996948,0.511004269123,0.0,11.4375524521,0.0,0.0,0,0,0,False,(),,
2021/07/20/11:07:43.972172,11343,1626772065,595967054,,22.3608398438,0.504371166229,0.0,11.2781639099,0.0,0.0,0,0,0,False,(),,
2021/07/20/11:07:43.972178,11344,1626772065,635961055,,22.3608398438,0.511004269123,0.0,11.426484108,0.0,0.0,0,0,0,False,(),,
2021/07/20/11:07:44.002300,11345,1626772065,675806999,,22.3608398438,0.517637312412,0.0,11.5748052597,0.0,0.0,0,0,0,False,(),,
2021/07/20/11:07:44.042334,11346,1626772065,716063022,,22.3608398438,0.511004269123,0.0,11.426484108,0.0,0.0,0,0,0,False,(),,
2021/07/20/11:07:44.081514,11347,1626772065,755974054,,22.3608398438,0.511004269123,0.0,11.426484108,0.0,0.0,0,0,0,False,(),,
2021/07/20/11:07:44.122395,11348,1626772065,795811891,,22.3608398438,0.517637312412,0.0,11.5748052597,0.0,0.0,0,0,0,False,(),,
2021/07/20/11:07:44.162281,11349,1626772065,835747003,,22.3824996948,0.504371166229,0.0,11.2890882492,0.0,0.0,0,0,0,False,(),,
2021/07/20/11:07:44.202764,11350,1626772065,876102924,,22.3608398438,0.524270355701,0.0,11.7231254578,0.0,0.0,0,0,0,False,(),,
2021/07/20/11:07:44.246268,11351,1626772065,915488958,,22.3824996948,0.511004269123,0.0,11.4375524521,0.0,0.0,0,0,0,False,(),,
2021/07/20/11:07:44.282255,11352,1626772065,955734968,,22.3608398438,0.517637312412,0.0,11.5748052597,0.0,0.0,0,0,0,False,(),,
2021/07/20/11:07:44.321316,11353,1626772065,995990991,,22.3608398438,0.517637312412,0.0,11.5748052597,0.0,0.0,0,0,0,False,(),,
2021/07/20/11:07:44.366494,11354,1626772066,35955905,,22.3608398438,0.511004269123,0.0,11.426484108,0.0,0.0,0,0,0,False,(),,
2021/07/20/11:07:44.402254,11355,1626772066,75742006,,22.3608398438,0.511004269123,0.0,11.426484108,0.0,0.0,0,0,0,False,(),,
2021/07/20/11:07:44.442005,11356,1626772066,116036891,,22.3608398438,0.517637312412,0.0,11.5748052597,0.0,0.0,0,0,0,False,(),,
2021/07/20/11:07:44.484597,11357,1626772066,155819892,,22.3608398438,0.517637312412,0.0,11.5748052597,0.0,0.0,0,0,0,False,(),,
2021/07/20/11:07:44.522039,11358,1626772066,196393966,,22.3608398438,0.511004269123,0.0,11.426484108,0.0,0.0,0,0,0,False,(),,
2021/07/20/11:07:44.564061,11359,1626772066,235754013,,22.3824996948,0.517637312412,0.0,11.586016655,0.0,0.0,0,0,0,False,(),,
2021/07/20/11:07:44.601049,11360,1626772066,275587081,,22.3608398438,0.517637312412,0.0,11.5748052597,0.0,0.0,0,0,0,False,(),,
2021/07/20/11:07:44.644000,11361,1626772066,315932989,,22.3608398438,0.517637312412,0.0,11.5748052597,0.0,0.0,0,0,0,False,(),,
2021/07/20/11:07:44.682214,11362,1626772066,355977058,,22.3608398438,0.517637312412,0.0,11.5748052597,0.0,0.0,0,0,0,False,(),,
2021/07/20/11:07:44.724687,11363,1626772066,395900964,,22.3608398438,0.511004269123,0.0,11.426484108,0.0,0.0,0,0,0,False,(),,
2021/07/20/11:07:44.931206,11364,1626772066,435913085,,22.3608398438,0.511004269123,0.0,11.426484108,0.0,0.0,0,0,0,False,(),,
2021/07/20/11:07:44.931225,11365,1626772066,475766897,,22.3608398438,0.517637312412,0.0,11.5748052597,0.0,0.0,0,0,0,False,(),,
2021/07/20/11:07:44.931235,11366,1626772066,515927076,,22.3608398438,0.511004269123,0.0,11.426484108,0.0,0.0,0,0,0,False,(),,
2021/07/20/11:07:44.931253,11367,1626772066,555747032,,22.3608398438,0.517637312412,0.0,11.5748052597,0.0,0.0,0,0,0,False,(),,
2021/07/20/11:07:44.931275,11368,1626772066,596059083,,22.3824996948,0.511004269123,0.0,11.4375524521,0.0,0.0,0,0,0,False,(),,
2021/07/20/11:07:44.961328,11369,1626772066,635426998,,22.3608398438,0.511004269123,0.0,11.426484108,0.0,0.0,0,0,0,False,(),,
2021/07/20/11:07:45.001935,11370,1626772066,675662040,,22.3824996948,0.517637312412,0.0,11.586016655,0.0,0.0,0,0,0,False,(),,
2021/07/20/11:07:45.044118,11371,1626772066,716077089,,22.3608398438,0.511004269123,0.0,11.426484108,0.0,0.0,0,0,0,False,(),,
2021/07/20/11:07:45.082099,11372,1626772066,755716085,,22.3824996948,0.517637312412,0.0,11.586016655,0.0,0.0,0,0,0,False,(),,
2021/07/20/11:07:45.121946,11373,1626772066,795882940,,22.3824996948,0.517637312412,0.0,11.586016655,0.0,0.0,0,0,0,False,(),,
2021/07/20/11:07:45.162145,11374,1626772066,835977077,,22.3824996948,0.511004269123,0.0,11.4375524521,0.0,0.0,0,0,0,False,(),,
2021/07/20/11:07:45.201009,11375,1626772066,875650882,,22.3608398438,0.517637312412,0.0,11.5748052597,0.0,0.0,0,0,0,False,(),,
2021/07/20/11:07:45.241713,11376,1626772066,915663003,,22.3608398438,0.511004269123,0.0,11.426484108,0.0,0.0,0,0,0,False,(),,
2021/07/20/11:07:45.282299,11377,1626772066,956067085,,22.3608398438,0.511004269123,0.0,11.426484108,0.0,0.0,0,0,0,False,(),,
2021/07/20/11:07:45.321747,11378,1626772066,995568037,,22.3824996948,0.524270355701,0.0,11.7344808578,0.0,0.0,0,0,0,False,(),,
2021/07/20/11:07:45.362743,11379,1626772067,35907983,,22.3608398438,0.517637312412,0.0,11.5748052597,0.0,0.0,0,0,0,False,(),,
2021/07/20/11:07:45.401964,11380,1626772067,76061010,,22.3608398438,0.524270355701,0.0,11.7231254578,0.0,0.0,0,0,0,False,(),,
2021/07/20/11:07:45.441936,11381,1626772067,116236925,,22.3824996948,0.517637312412,0.0,11.586016655,0.0,0.0,0,0,0,False,(),,
2021/07/20/11:07:45.499331,11382,1626772067,155895948,,22.3608398438,0.517637312412,0.0,11.5748052597,0.0,0.0,0,0,0,False,(),,
2021/07/20/11:07:45.542872,11383,1626772067,195908069,,22.3824996948,0.517637312412,0.0,11.586016655,0.0,0.0,0,0,0,False,(),,
2021/07/20/11:07:45.565873,11384,1626772067,236017942,,22.3608398438,0.530903398991,0.0,11.8714466095,0.0,0.0,0,0,0,False,(),,
2021/07/20/11:07:45.601711,11385,1626772067,276096105,,22.3608398438,0.524270355701,0.0,11.7231254578,0.0,0.0,0,0,0,False,(),,
2021/07/20/11:07:45.645864,11386,1626772067,315699100,,22.3608398438,0.530903398991,0.0,11.8714466095,0.0,0.0,0,0,0,False,(),,
2021/07/20/11:07:45.683067,11387,1626772067,355969905,,22.3608398438,0.537536501884,0.0,12.0197677612,0.0,0.0,0,0,0,False,(),,
2021/07/20/11:07:45.896970,11388,1626772067,396101951,,22.3608398438,0.544169545174,0.0,12.1680879593,0.0,0.0,0,0,0,False,(),,
2021/07/20/11:07:45.896991,11389,1626772067,435919046,,22.3608398438,0.530903398991,0.0,11.8714466095,0.0,0.0,0,0,0,False,(),,
2021/07/20/11:07:45.897004,11390,1626772067,475596904,,22.3608398438,0.511004269123,0.0,11.426484108,0.0,0.0,0,0,0,False,(),,
2021/07/20/11:07:45.897015,11391,1626772067,515621900,,22.3608398438,0.517637312412,0.0,11.5748052597,0.0,0.0,0,0,0,False,(),,
2021/07/20/11:07:45.897042,11392,1626772067,555690050,,22.3608398438,0.530903398991,0.0,11.8714466095,0.0,0.0,0,0,0,False,(),,
2021/07/20/11:07:46.057281,11393,1626772067,595608949,,22.3608398438,0.517637312412,0.0,11.5748052597,0.0,0.0,0,0,0,False,(),,
2021/07/20/11:07:46.057298,11394,1626772067,636087894,,22.3608398438,0.517637312412,0.0,11.5748052597,0.0,0.0,0,0,0,False,(),,
2021/07/20/11:07:46.057305,11395,1626772067,675962924,,22.3824996948,0.511004269123,0.0,11.4375524521,0.0,0.0,0,0,0,False,(),,
2021/07/20/11:07:46.057313,11396,1626772067,715701103,,22.3824996948,0.511004269123,0.0,11.4375524521,0.0,0.0,0,0,0,False,(),,
2021/07/20/11:07:46.081734,11397,1626772067,755738019,,22.3824996948,0.537536501884,0.0,12.0314102173,0.0,0.0,0,0,0,False,(),,
2021/07/20/11:07:46.122265,11398,1626772067,795907974,,22.3608398438,0.511004269123,0.0,11.426484108,0.0,0.0,0,0,0,False,(),,
2021/07/20/11:07:46.161284,11399,1626772067,835664033,,22.3608398438,0.517637312412,0.0,11.5748052597,0.0,0.0,0,0,0,False,(),,
2021/07/20/11:07:46.202350,11400,1626772067,875658035,,22.3608398438,0.517637312412,0.0,11.5748052597,0.0,0.0,0,0,0,False,(),,
2021/07/20/11:07:46.241117,11401,1626772067,915427923,,22.3608398438,0.530903398991,0.0,11.8714466095,0.0,0.0,0,0,0,False,(),,
2021/07/20/11:07:46.282449,11402,1626772067,956095933,,22.3608398438,0.517637312412,0.0,11.5748052597,0.0,0.0,0,0,0,False,(),,
2021/07/20/11:07:46.322472,11403,1626772067,995935916,,22.3608398438,0.517637312412,0.0,11.5748052597,0.0,0.0,0,0,0,False,(),,
2021/07/20/11:07:46.362119,11404,1626772068,35758972,,22.3608398438,0.517637312412,0.0,11.5748052597,0.0,0.0,0,0,0,False,(),,
2021/07/20/11:07:46.401661,11405,1626772068,75989961,,22.3824996948,0.524270355701,0.0,11.7344808578,0.0,0.0,0,0,0,False,(),,
2021/07/20/11:07:46.441376,11406,1626772068,115695953,,22.3608398438,0.530903398991,0.0,11.8714466095,0.0,0.0,0,0,0,False,(),,
2021/07/20/11:07:46.481651,11407,1626772068,155944108,,22.3608398438,0.530903398991,0.0,11.8714466095,0.0,0.0,0,0,0,False,(),,
2021/07/20/11:07:46.527524,11408,1626772068,196243047,,22.3608398438,0.530903398991,0.0,11.8714466095,0.0,0.0,0,0,0,False,(),,
2021/07/20/11:07:46.562134,11409,1626772068,235886096,,22.3608398438,0.537536501884,0.0,12.0197677612,0.0,0.0,0,0,0,False,(),,
2021/07/20/11:07:46.610207,11410,1626772068,275707006,,22.3824996948,0.537536501884,0.0,12.0314102173,0.0,0.0,0,0,0,False,(),,
2021/07/20/11:07:46.669367,11411,1626772068,315782070,,22.3608398438,0.524270355701,0.0,11.7231254578,0.0,0.0,0,0,0,False,(),,
2021/07/20/11:07:46.681785,11412,1626772068,355997085,,22.3824996948,0.537536501884,0.0,12.0314102173,0.0,0.0,0,0,0,False,(),,
2021/07/20/11:07:46.722036,11413,1626772068,395797967,,22.3608398438,0.517637312412,0.0,11.5748052597,0.0,0.0,0,0,0,False,(),,
2021/07/20/11:07:46.761868,11414,1626772068,435760974,,22.3608398438,0.524270355701,0.0,11.7231254578,0.0,0.0,0,0,0,False,(),,
2021/07/20/11:07:46.958575,11415,1626772068,475958108,,22.3824996948,0.517637312412,0.0,11.586016655,0.0,0.0,0,0,0,False,(),,
2021/07/20/11:07:46.958588,11416,1626772068,516016960,,22.3824996948,0.517637312412,0.0,11.586016655,0.0,0.0,0,0,0,False,(),,
2021/07/20/11:07:46.958592,11417,1626772068,555737972,,22.3824996948,0.537536501884,0.0,12.0314102173,0.0,0.0,0,0,0,False,(),,
2021/07/20/11:07:46.958605,11418,1626772068,595963954,,22.3608398438,0.517637312412,0.0,11.5748052597,0.0,0.0,0,0,0,False,(),,
2021/07/20/11:07:46.962273,11419,1626772068,636023998,,22.3608398438,0.517637312412,0.0,11.5748052597,0.0,0.0,0,0,0,False,(),,
2021/07/20/11:07:47.002555,11420,1626772068,676074981,,22.3608398438,0.524270355701,0.0,11.7231254578,0.0,0.0,0,0,0,False,(),,
2021/07/20/11:07:47.043226,11421,1626772068,715831041,,22.3608398438,0.524270355701,0.0,11.7231254578,0.0,0.0,0,0,0,False,(),,
2021/07/20/11:07:47.081733,11422,1626772068,755726099,,22.3824996948,0.524270355701,0.0,11.7344808578,0.0,0.0,0,0,0,False,(),,
2021/07/20/11:07:47.121862,11423,1626772068,796025037,,22.3824996948,0.524270355701,0.0,11.7344808578,0.0,0.0,0,0,0,False,(),,
2021/07/20/11:07:47.162223,11424,1626772068,835761070,,22.3608398438,0.524270355701,0.0,11.7231254578,0.0,0.0,0,0,0,False,(),,
2021/07/20/11:07:47.202347,11425,1626772068,876104116,,22.3608398438,0.524270355701,0.0,11.7231254578,0.0,0.0,0,0,0,False,(),,
2021/07/20/11:07:47.243141,11426,1626772068,915812969,,22.3608398438,0.517637312412,0.0,11.5748052597,0.0,0.0,0,0,0,False,(),,
2021/07/20/11:07:47.281146,11427,1626772068,955715894,,22.3608398438,0.524270355701,0.0,11.7231254578,0.0,0.0,0,0,0,False,(),,
2021/07/20/11:07:47.326241,11428,1626772068,995642900,,22.3608398438,0.524270355701,0.0,11.7231254578,0.0,0.0,0,0,0,False,(),,
2021/07/20/11:07:47.361786,11429,1626772069,35571098,,22.3824996948,0.524270355701,0.0,11.7344808578,0.0,0.0,0,0,0,False,(),,
2021/07/20/11:07:47.401815,11430,1626772069,75746059,,22.3608398438,0.524270355701,0.0,11.7231254578,0.0,0.0,0,0,0,False,(),,
2021/07/20/11:07:47.443113,11431,1626772069,116029977,,22.3608398438,0.517637312412,0.0,11.5748052597,0.0,0.0,0,0,0,False,(),,
2021/07/20/11:07:47.481875,11432,1626772069,155936956,,22.3824996948,0.524270355701,0.0,11.7344808578,0.0,0.0,0,0,0,False,(),,
2021/07/20/11:07:47.522503,11433,1626772069,195944070,,22.3608398438,0.524270355701,0.0,11.7231254578,0.0,0.0,0,0,0,False,(),,
2021/07/20/11:07:47.561371,11434,1626772069,235996007,,22.3608398438,0.511004269123,0.0,11.426484108,0.0,0.0,0,0,0,False,(),,
2021/07/20/11:07:47.607454,11435,1626772069,275604963,,22.3824996948,0.524270355701,0.0,11.7344808578,0.0,0.0,0,0,0,False,(),,
2021/07/20/11:07:47.653183,11436,1626772069,316014051,,22.3824996948,0.524270355701,0.0,11.7344808578,0.0,0.0,0,0,0,False,(),,
2021/07/20/11:07:47.681959,11437,1626772069,355905055,,22.3608398438,0.530903398991,0.0,11.8714466095,0.0,0.0,0,0,0,False,(),,
2021/07/20/11:07:47.721783,11438,1626772069,395912885,,22.3608398438,0.524270355701,0.0,11.7231254578,0.0,0.0,0,0,0,False,(),,
2021/07/20/11:07:47.761520,11439,1626772069,435856103,,22.3608398438,0.524270355701,0.0,11.7231254578,0.0,0.0,0,0,0,False,(),,
2021/07/20/11:07:47.968898,11440,1626772069,475881099,,22.3608398438,0.517637312412,0.0,11.5748052597,0.0,0.0,0,0,0,False,(),,
2021/07/20/11:07:47.968905,11441,1626772069,515795946,,22.3608398438,0.511004269123,0.0,11.426484108,0.0,0.0,0,0,0,False,(),,
2021/07/20/11:07:47.968909,11442,1626772069,555742025,,22.3608398438,0.517637312412,0.0,11.5748052597,0.0,0.0,0,0,0,False,(),,
2021/07/20/11:07:47.968916,11443,1626772069,595671892,,22.3608398438,0.517637312412,0.0,11.5748052597,0.0,0.0,0,0,0,False,(),,
2021/07/20/11:07:47.968923,11444,1626772069,635956048,,22.3608398438,0.517637312412,0.0,11.5748052597,0.0,0.0,0,0,0,False,(),,
2021/07/20/11:07:48.002319,11445,1626772069,675959110,,22.3608398438,0.524270355701,0.0,11.7231254578,0.0,0.0,0,0,0,False,(),,
2021/07/20/11:07:48.042909,11446,1626772069,715995073,,22.3608398438,0.517637312412,0.0,11.5748052597,0.0,0.0,0,0,0,False,(),,
2021/07/20/11:07:48.081751,11447,1626772069,755853891,,22.3608398438,0.517637312412,0.0,11.5748052597,0.0,0.0,0,0,0,False,(),,
2021/07/20/11:07:48.121375,11448,1626772069,795938014,,22.3608398438,0.517637312412,0.0,11.5748052597,0.0,0.0,0,0,0,False,(),,
2021/07/20/11:07:48.162477,11449,1626772069,835621118,,22.3608398438,0.524270355701,0.0,11.7231254578,0.0,0.0,0,0,0,False,(),,
2021/07/20/11:07:48.202350,11450,1626772069,875998973,,22.3608398438,0.517637312412,0.0,11.5748052597,0.0,0.0,0,0,0,False,(),,
2021/07/20/11:07:48.241022,11451,1626772069,915772914,,22.3608398438,0.524270355701,0.0,11.7231254578,0.0,0.0,0,0,0,False,(),,
2021/07/20/11:07:48.281096,11452,1626772069,955594062,,22.3608398438,0.524270355701,0.0,11.7231254578,0.0,0.0,0,0,0,False,(),,
2021/07/20/11:07:48.323439,11453,1626772069,995764017,,22.3608398438,0.517637312412,0.0,11.5748052597,0.0,0.0,0,0,0,False,(),,
2021/07/20/11:07:48.362075,11454,1626772070,35814046,,22.3608398438,0.511004269123,0.0,11.426484108,0.0,0.0,0,0,0,False,(),,
2021/07/20/11:07:48.403236,11455,1626772070,75936079,,22.3608398438,0.511004269123,0.0,11.426484108,0.0,0.0,0,0,0,False,(),,
2021/07/20/11:07:48.441673,11456,1626772070,116019010,,22.3608398438,0.511004269123,0.0,11.426484108,0.0,0.0,0,0,0,False,(),,
2021/07/20/11:07:48.482926,11457,1626772070,155740022,,22.3824996948,0.517637312412,0.0,11.586016655,0.0,0.0,0,0,0,False,(),,
2021/07/20/11:07:48.524292,11458,1626772070,195852041,,22.3608398438,0.504371166229,0.0,11.2781639099,0.0,0.0,0,0,0,False,(),,
2021/07/20/11:07:48.563515,11459,1626772070,235666036,,22.3824996948,0.511004269123,0.0,11.4375524521,0.0,0.0,0,0,0,False,(),,
2021/07/20/11:07:48.602316,11460,1626772070,276485919,,22.3824996948,0.511004269123,0.0,11.4375524521,0.0,0.0,0,0,0,False,(),,
2021/07/20/11:07:48.641875,11461,1626772070,315798044,,22.3608398438,0.511004269123,0.0,11.426484108,0.0,0.0,0,0,0,False,(),,
2021/07/20/11:07:48.682002,11462,1626772070,356108903,,22.3824996948,0.517637312412,0.0,11.586016655,0.0,0.0,0,0,0,False,(),,
2021/07/20/11:07:48.722663,11463,1626772070,396065950,,22.3824996948,0.517637312412,0.0,11.586016655,0.0,0.0,0,0,0,False,(),,
2021/07/20/11:07:48.761348,11464,1626772070,435923099,,22.3824996948,0.504371166229,0.0,11.2890882492,0.0,0.0,0,0,0,False,(),,
2021/07/20/11:07:48.974540,11465,1626772070,475739955,,22.3608398438,0.504371166229,0.0,11.2781639099,0.0,0.0,0,0,0,False,(),,
2021/07/20/11:07:48.974553,11466,1626772070,515733003,,22.3824996948,0.504371166229,0.0,11.2890882492,0.0,0.0,0,0,0,False,(),,
2021/07/20/11:07:48.974559,11467,1626772070,555665016,,22.3608398438,0.517637312412,0.0,11.5748052597,0.0,0.0,0,0,0,False,(),,
2021/07/20/11:07:48.974566,11468,1626772070,595913887,,22.3608398438,0.517637312412,0.0,11.5748052597,0.0,0.0,0,0,0,False,(),,
2021/07/20/11:07:48.974577,11469,1626772070,635801076,,22.3824996948,0.517637312412,0.0,11.586016655,0.0,0.0,0,0,0,False,(),,
2021/07/20/11:07:49.001980,11470,1626772070,675992012,,22.3608398438,0.524270355701,0.0,11.7231254578,0.0,0.0,0,0,0,False,(),,
2021/07/20/11:07:49.042174,11471,1626772070,716228961,,22.3608398438,0.524270355701,0.0,11.7231254578,0.0,0.0,0,0,0,False,(),,
2021/07/20/11:07:49.082198,11472,1626772070,755666971,,22.3824996948,0.504371166229,0.0,11.2890882492,0.0,0.0,0,0,0,False,(),,
2021/07/20/11:07:49.122298,11473,1626772070,795737981,,22.3608398438,0.517637312412,0.0,11.5748052597,0.0,0.0,0,0,0,False,(),,
2021/07/20/11:07:49.161387,11474,1626772070,835901975,,22.3608398438,0.524270355701,0.0,11.7231254578,0.0,0.0,0,0,0,False,(),,
2021/07/20/11:07:49.201972,11475,1626772070,875767946,,22.3608398438,0.511004269123,0.0,11.426484108,0.0,0.0,0,0,0,False,(),,
2021/07/20/11:07:49.241678,11476,1626772070,915958881,,22.3824996948,0.511004269123,0.0,11.4375524521,0.0,0.0,0,0,0,False,(),,
2021/07/20/11:07:49.282454,11477,1626772070,956335067,,22.3608398438,0.524270355701,0.0,11.7231254578,0.0,0.0,0,0,0,False,(),,
2021/07/20/11:07:49.322291,11478,1626772070,996022939,,22.3608398438,0.517637312412,0.0,11.5748052597,0.0,0.0,0,0,0,False,(),,
2021/07/20/11:07:49.362032,11479,1626772071,36053895,,22.3824996948,0.511004269123,0.0,11.4375524521,0.0,0.0,0,0,0,False,(),,
2021/07/20/11:07:49.401755,11480,1626772071,76359033,,22.3608398438,0.517637312412,0.0,11.5748052597,0.0,0.0,0,0,0,False,(),,
2021/07/20/11:07:49.441863,11481,1626772071,115631103,,22.3824996948,0.517637312412,0.0,11.586016655,0.0,0.0,0,0,0,False,(),,
2021/07/20/11:07:49.483302,11482,1626772071,156039953,,22.3608398438,0.530903398991,0.0,11.8714466095,0.0,0.0,0,0,0,False,(),,
2021/07/20/11:07:49.522434,11483,1626772071,195982933,,22.3824996948,0.517637312412,0.0,11.586016655,0.0,0.0,0,0,0,False,(),,
2021/07/20/11:07:49.562031,11484,1626772071,235788106,,22.3824996948,0.517637312412,0.0,11.586016655,0.0,0.0,0,0,0,False,(),,
2021/07/20/11:07:49.601575,11485,1626772071,275927066,,22.3824996948,0.517637312412,0.0,11.586016655,0.0,0.0,0,0,0,False,(),,
2021/07/20/11:07:49.642637,11486,1626772071,316030025,,22.3824996948,0.511004269123,0.0,11.4375524521,0.0,0.0,0,0,0,False,(),,
2021/07/20/11:07:49.681325,11487,1626772071,355781078,,22.3824996948,0.524270355701,0.0,11.7344808578,0.0,0.0,0,0,0,False,(),,
2021/07/20/11:07:49.722056,11488,1626772071,395613908,,22.3608398438,0.517637312412,0.0,11.5748052597,0.0,0.0,0,0,0,False,(),,
2021/07/20/11:07:49.762253,11489,1626772071,436074018,,22.3608398438,0.517637312412,0.0,11.5748052597,0.0,0.0,0,0,0,False,(),,
2021/07/20/11:07:49.969723,11490,1626772071,475868940,,22.3608398438,0.517637312412,0.0,11.5748052597,0.0,0.0,0,0,0,False,(),,
2021/07/20/11:07:49.969753,11491,1626772071,515917062,,22.3608398438,0.511004269123,0.0,11.426484108,0.0,0.0,0,0,0,False,(),,
2021/07/20/11:07:49.969771,11492,1626772071,555923938,,22.3824996948,0.517637312412,0.0,11.586016655,0.0,0.0,0,0,0,False,(),,
2021/07/20/11:07:49.969792,11493,1626772071,595627069,,22.3608398438,0.504371166229,0.0,11.2781639099,0.0,0.0,0,0,0,False,(),,
2021/07/20/11:07:49.969801,11494,1626772071,635921001,,22.3824996948,0.511004269123,0.0,11.4375524521,0.0,0.0,0,0,0,False,(),,
2021/07/20/11:07:50.007774,11495,1626772071,676336050,,22.3608398438,0.511004269123,0.0,11.426484108,0.0,0.0,0,0,0,False,(),,
2021/07/20/11:07:50.041713,11496,1626772071,716382980,,22.3608398438,0.517637312412,0.0,11.5748052597,0.0,0.0,0,0,0,False,(),,
2021/07/20/11:07:50.081903,11497,1626772071,755798101,,22.3608398438,0.517637312412,0.0,11.5748052597,0.0,0.0,0,0,0,False,(),,
2021/07/20/11:07:50.123582,11498,1626772071,796053886,,22.3608398438,0.517637312412,0.0,11.5748052597,0.0,0.0,0,0,0,False,(),,
2021/07/20/11:07:50.163939,11499,1626772071,835930109,,22.3608398438,0.517637312412,0.0,11.5748052597,0.0,0.0,0,0,0,False,(),,
2021/07/20/11:07:50.204115,11500,1626772071,875965118,,22.3608398438,0.517637312412,0.0,11.5748052597,0.0,0.0,0,0,0,False,(),,
2021/07/20/11:07:50.242022,11501,1626772071,915751934,,22.3608398438,0.511004269123,0.0,11.426484108,0.0,0.0,0,0,0,False,(),,
2021/07/20/11:07:50.282806,11502,1626772071,955940961,,22.3608398438,0.524270355701,0.0,11.7231254578,0.0,0.0,0,0,0,False,(),,
2021/07/20/11:07:50.321819,11503,1626772071,996002912,,22.3608398438,0.517637312412,0.0,11.5748052597,0.0,0.0,0,0,0,False,(),,
2021/07/20/11:07:50.362379,11504,1626772072,36147117,,22.3608398438,0.504371166229,0.0,11.2781639099,0.0,0.0,0,0,0,False,(),,
2021/07/20/11:07:50.401963,11505,1626772072,76052904,,22.3608398438,0.504371166229,0.0,11.2781639099,0.0,0.0,0,0,0,False,(),,
2021/07/20/11:07:50.441280,11506,1626772072,115884065,,22.3824996948,0.511004269123,0.0,11.4375524521,0.0,0.0,0,0,0,False,(),,
2021/07/20/11:07:50.482454,11507,1626772072,155884027,,22.3608398438,0.517637312412,0.0,11.5748052597,0.0,0.0,0,0,0,False,(),,
2021/07/20/11:07:50.522556,11508,1626772072,195996999,,22.3608398438,0.504371166229,0.0,11.2781639099,0.0,0.0,0,0,0,False,(),,
2021/07/20/11:07:50.561455,11509,1626772072,236037015,,22.3608398438,0.511004269123,0.0,11.426484108,0.0,0.0,0,0,0,False,(),,
2021/07/20/11:07:50.602178,11510,1626772072,275620937,,22.3608398438,0.504371166229,0.0,11.2781639099,0.0,0.0,0,0,0,False,(),,
2021/07/20/11:07:50.642180,11511,1626772072,315934896,,22.3608398438,0.511004269123,0.0,11.426484108,0.0,0.0,0,0,0,False,(),,
2021/07/20/11:07:50.682628,11512,1626772072,356021881,,22.3608398438,0.517637312412,0.0,11.5748052597,0.0,0.0,0,0,0,False,(),,
2021/07/20/11:07:50.722245,11513,1626772072,395786046,,22.3608398438,0.511004269123,0.0,11.426484108,0.0,0.0,0,0,0,False,(),,
2021/07/20/11:07:50.762025,11514,1626772072,435862064,,22.3608398438,0.517637312412,0.0,11.5748052597,0.0,0.0,0,0,0,False,(),,
2021/07/20/11:07:50.972235,11515,1626772072,475975990,,22.3608398438,0.511004269123,0.0,11.426484108,0.0,0.0,0,0,0,False,(),,
2021/07/20/11:07:50.972253,11516,1626772072,515896081,,22.3608398438,0.504371166229,0.0,11.2781639099,0.0,0.0,0,0,0,False,(),,
2021/07/20/11:07:50.972263,11517,1626772072,555820941,,22.3608398438,0.511004269123,0.0,11.426484108,0.0,0.0,0,0,0,False,(),,
2021/07/20/11:07:50.972287,11518,1626772072,595737934,,22.3608398438,0.511004269123,0.0,11.426484108,0.0,0.0,0,0,0,False,(),,
2021/07/20/11:07:50.972298,11519,1626772072,635899066,,22.3824996948,0.517637312412,0.0,11.586016655,0.0,0.0,0,0,0,False,(),,
2021/07/20/11:07:51.001484,11520,1626772072,676007986,,22.3608398438,0.524270355701,0.0,11.7231254578,0.0,0.0,0,0,0,False,(),,
2021/07/20/11:07:51.042413,11521,1626772072,716034889,,22.3608398438,0.511004269123,0.0,11.426484108,0.0,0.0,0,0,0,False,(),,
2021/07/20/11:07:51.084419,11522,1626772072,755764961,,22.3824996948,0.524270355701,0.0,11.7344808578,0.0,0.0,0,0,0,False,(),,
2021/07/20/11:07:51.123849,11523,1626772072,796009063,,22.3608398438,0.504371166229,0.0,11.2781639099,0.0,0.0,0,0,0,False,(),,
2021/07/20/11:07:51.163010,11524,1626772072,835928916,,22.3608398438,0.511004269123,0.0,11.426484108,0.0,0.0,0,0,0,False,(),,
2021/07/20/11:07:51.202810,11525,1626772072,875761032,,22.3608398438,0.517637312412,0.0,11.5748052597,0.0,0.0,0,0,0,False,(),,
2021/07/20/11:07:51.241867,11526,1626772072,915971994,,22.3608398438,0.517637312412,0.0,11.5748052597,0.0,0.0,0,0,0,False,(),,
2021/07/20/11:07:51.281997,11527,1626772072,956011056,,22.3608398438,0.517637312412,0.0,11.5748052597,0.0,0.0,0,0,0,False,(),,
2021/07/20/11:07:51.321086,11528,1626772072,995729923,,22.3608398438,0.517637312412,0.0,11.5748052597,0.0,0.0,0,0,0,False,(),,
2021/07/20/11:07:51.361569,11529,1626772073,35595893,,22.3824996948,0.524270355701,0.0,11.7344808578,0.0,0.0,0,0,0,False,(),,
2021/07/20/11:07:51.401754,11530,1626772073,75978040,,22.3824996948,0.517637312412,0.0,11.586016655,0.0,0.0,0,0,0,False,(),,
2021/07/20/11:07:51.441791,11531,1626772073,115995883,,22.3824996948,0.517637312412,0.0,11.586016655,0.0,0.0,0,0,0,False,(),,
2021/07/20/11:07:51.482105,11532,1626772073,155791997,,22.3608398438,0.511004269123,0.0,11.426484108,0.0,0.0,0,0,0,False,(),,
2021/07/20/11:07:51.522371,11533,1626772073,195866107,,22.3608398438,0.511004269123,0.0,11.426484108,0.0,0.0,0,0,0,False,(),,
2021/07/20/11:07:51.562129,11534,1626772073,235817909,,22.3608398438,0.511004269123,0.0,11.426484108,0.0,0.0,0,0,0,False,(),,
2021/07/20/11:07:51.602286,11535,1626772073,275908946,,22.3608398438,0.517637312412,0.0,11.5748052597,0.0,0.0,0,0,0,False,(),,
2021/07/20/11:07:51.642493,11536,1626772073,315797090,,22.3824996948,0.517637312412,0.0,11.586016655,0.0,0.0,0,0,0,False,(),,
2021/07/20/11:07:51.683708,11537,1626772073,355945110,,22.3608398438,0.517637312412,0.0,11.5748052597,0.0,0.0,0,0,0,False,(),,
2021/07/20/11:07:51.722481,11538,1626772073,396097898,,22.3608398438,0.504371166229,0.0,11.2781639099,0.0,0.0,0,0,0,False,(),,
2021/07/20/11:07:51.761944,11539,1626772073,435874938,,22.3608398438,0.511004269123,0.0,11.426484108,0.0,0.0,0,0,0,False,(),,
2021/07/20/11:07:51.967819,11540,1626772073,475912094,,22.3824996948,0.511004269123,0.0,11.4375524521,0.0,0.0,0,0,0,False,(),,
2021/07/20/11:07:51.967830,11541,1626772073,516248941,,22.3608398438,0.517637312412,0.0,11.5748052597,0.0,0.0,0,0,0,False,(),,
2021/07/20/11:07:51.967838,11542,1626772073,555898904,,22.3608398438,0.517637312412,0.0,11.5748052597,0.0,0.0,0,0,0,False,(),,
2021/07/20/11:07:51.967846,11543,1626772073,595760107,,22.3608398438,0.504371166229,0.0,11.2781639099,0.0,0.0,0,0,0,False,(),,
2021/07/20/11:07:51.967851,11544,1626772073,635844945,,22.3608398438,0.511004269123,0.0,11.426484108,0.0,0.0,0,0,0,False,(),,
2021/07/20/11:07:52.004267,11545,1626772073,675973892,,22.3608398438,0.517637312412,0.0,11.5748052597,0.0,0.0,0,0,0,False,(),,
2021/07/20/11:07:52.049019,11546,1626772073,716031074,,22.3608398438,0.511004269123,0.0,11.426484108,0.0,0.0,0,0,0,False,(),,
2021/07/20/11:07:52.083203,11547,1626772073,755951881,,22.3608398438,0.517637312412,0.0,11.5748052597,0.0,0.0,0,0,0,False,(),,
2021/07/20/11:07:52.121973,11548,1626772073,795986890,,22.3824996948,0.511004269123,0.0,11.4375524521,0.0,0.0,0,0,0,False,(),,
2021/07/20/11:07:52.161180,11549,1626772073,835660934,,22.3608398438,0.517637312412,0.0,11.5748052597,0.0,0.0,0,0,0,False,(),,
2021/07/20/11:07:52.201655,11550,1626772073,876023054,,22.3608398438,0.524270355701,0.0,11.7231254578,0.0,0.0,0,0,0,False,(),,
2021/07/20/11:07:52.240631,11551,1626772073,915527105,,22.3608398438,0.524270355701,0.0,11.7231254578,0.0,0.0,0,0,0,False,(),,
2021/07/20/11:07:52.281551,11552,1626772073,955620050,,22.3824996948,0.524270355701,0.0,11.7344808578,0.0,0.0,0,0,0,False,(),,
2021/07/20/11:07:52.321522,11553,1626772073,995812892,,22.3608398438,0.511004269123,0.0,11.426484108,0.0,0.0,0,0,0,False,(),,
2021/07/20/11:07:52.365033,11554,1626772074,35602092,,22.3608398438,0.504371166229,0.0,11.2781639099,0.0,0.0,0,0,0,False,(),,
2021/07/20/11:07:52.401253,11555,1626772074,75984954,,22.3608398438,0.524270355701,0.0,11.7231254578,0.0,0.0,0,0,0,False,(),,
2021/07/20/11:07:52.442996,11556,1626772074,115907907,,22.3824996948,0.511004269123,0.0,11.4375524521,0.0,0.0,0,0,0,False,(),,
2021/07/20/11:07:52.482075,11557,1626772074,155994892,,22.3824996948,0.517637312412,0.0,11.586016655,0.0,0.0,0,0,0,False,(),,
2021/07/20/11:07:52.522280,11558,1626772074,195776939,,22.3608398438,0.511004269123,0.0,11.426484108,0.0,0.0,0,0,0,False,(),,
2021/07/20/11:07:52.563328,11559,1626772074,236818075,,22.3608398438,0.517637312412,0.0,11.5748052597,0.0,0.0,0,0,0,False,(),,
2021/07/20/11:07:52.601953,11560,1626772074,275702953,,22.3824996948,0.511004269123,0.0,11.4375524521,0.0,0.0,0,0,0,False,(),,
2021/07/20/11:07:52.641552,11561,1626772074,315983057,,22.3608398438,0.511004269123,0.0,11.426484108,0.0,0.0,0,0,0,False,(),,
2021/07/20/11:07:52.685262,11562,1626772074,356307983,,22.3608398438,0.517637312412,0.0,11.5748052597,0.0,0.0,0,0,0,False,(),,
2021/07/20/11:07:52.721959,11563,1626772074,395967006,,22.3824996948,0.524270355701,0.0,11.7344808578,0.0,0.0,0,0,0,False,(),,
2021/07/20/11:07:52.762156,11564,1626772074,436041116,,22.3608398438,0.511004269123,0.0,11.426484108,0.0,0.0,0,0,0,False,(),,
2021/07/20/11:07:52.988842,11565,1626772074,475632905,,22.3608398438,0.517637312412,0.0,11.5748052597,0.0,0.0,0,0,0,False,(),,
2021/07/20/11:07:52.988858,11566,1626772074,515944004,,22.3608398438,0.517637312412,0.0,11.5748052597,0.0,0.0,0,0,0,False,(),,
2021/07/20/11:07:52.988868,11567,1626772074,555753946,,22.3824996948,0.524270355701,0.0,11.7344808578,0.0,0.0,0,0,0,False,(),,
2021/07/20/11:07:52.988873,11568,1626772074,596147060,,22.3824996948,0.511004269123,0.0,11.4375524521,0.0,0.0,0,0,0,False,(),,
2021/07/20/11:07:52.988879,11569,1626772074,635755062,,22.3608398438,0.504371166229,0.0,11.2781639099,0.0,0.0,0,0,0,False,(),,
2021/07/20/11:07:53.001353,11570,1626772074,675729990,,22.3608398438,0.524270355701,0.0,11.7231254578,0.0,0.0,0,0,0,False,(),,
2021/07/20/11:07:53.041856,11571,1626772074,716084003,,22.3608398438,0.530903398991,0.0,11.8714466095,0.0,0.0,0,0,0,False,(),,
2021/07/20/11:07:53.081807,11572,1626772074,755738973,,22.3824996948,0.524270355701,0.0,11.7344808578,0.0,0.0,0,0,0,False,(),,
2021/07/20/11:07:53.122820,11573,1626772074,796555995,,22.3608398438,0.517637312412,0.0,11.5748052597,0.0,0.0,0,0,0,False,(),,
2021/07/20/11:07:53.163081,11574,1626772074,835757017,,22.3608398438,0.517637312412,0.0,11.5748052597,0.0,0.0,0,0,0,False,(),,
2021/07/20/11:07:53.202368,11575,1626772074,876292943,,22.3608398438,0.517637312412,0.0,11.5748052597,0.0,0.0,0,0,0,False,(),,
2021/07/20/11:07:53.241201,11576,1626772074,915708065,,22.3608398438,0.511004269123,0.0,11.426484108,0.0,0.0,0,0,0,False,(),,
2021/07/20/11:07:53.281598,11577,1626772074,955801963,,22.3608398438,0.524270355701,0.0,11.7231254578,0.0,0.0,0,0,0,False,(),,
2021/07/20/11:07:53.322204,11578,1626772074,995872020,,22.3608398438,0.517637312412,0.0,11.5748052597,0.0,0.0,0,0,0,False,(),,
2021/07/20/11:07:53.364146,11579,1626772075,35855054,,22.3608398438,0.517637312412,0.0,11.5748052597,0.0,0.0,0,0,0,False,(),,
2021/07/20/11:07:53.401934,11580,1626772075,75964927,,22.3608398438,0.524270355701,0.0,11.7231254578,0.0,0.0,0,0,0,False,(),,
2021/07/20/11:07:53.441406,11581,1626772075,115988969,,22.3824996948,0.524270355701,0.0,11.7344808578,0.0,0.0,0,0,0,False,(),,
2021/07/20/11:07:53.482667,11582,1626772075,155764102,,22.3608398438,0.517637312412,0.0,11.5748052597,0.0,0.0,0,0,0,False,(),,
2021/07/20/11:07:53.522057,11583,1626772075,196166038,,22.3608398438,0.517637312412,0.0,11.5748052597,0.0,0.0,0,0,0,False,(),,
2021/07/20/11:07:53.561082,11584,1626772075,235579967,,22.3824996948,0.511004269123,0.0,11.4375524521,0.0,0.0,0,0,0,False,(),,
2021/07/20/11:07:53.602355,11585,1626772075,275929927,,22.3608398438,0.524270355701,0.0,11.7231254578,0.0,0.0,0,0,0,False,(),,
2021/07/20/11:07:53.644071,11586,1626772075,316004991,,22.3824996948,0.517637312412,0.0,11.586016655,0.0,0.0,0,0,0,False,(),,
2021/07/20/11:07:53.682344,11587,1626772075,356268882,,22.3824996948,0.524270355701,0.0,11.7344808578,0.0,0.0,0,0,0,False,(),,
2021/07/20/11:07:53.722009,11588,1626772075,395771980,,22.3824996948,0.517637312412,0.0,11.586016655,0.0,0.0,0,0,0,False,(),,
2021/07/20/11:07:53.761250,11589,1626772075,435884952,,22.3608398438,0.524270355701,0.0,11.7231254578,0.0,0.0,0,0,0,False,(),,
2021/07/20/11:07:53.972276,11590,1626772075,475800037,,22.3608398438,0.517637312412,0.0,11.5748052597,0.0,0.0,0,0,0,False,(),,
2021/07/20/11:07:53.972296,11591,1626772075,515913009,,22.3824996948,0.517637312412,0.0,11.586016655,0.0,0.0,0,0,0,False,(),,
2021/07/20/11:07:53.972302,11592,1626772075,555772066,,22.3608398438,0.517637312412,0.0,11.5748052597,0.0,0.0,0,0,0,False,(),,
2021/07/20/11:07:53.972317,11593,1626772075,595763921,,22.3608398438,0.517637312412,0.0,11.5748052597,0.0,0.0,0,0,0,False,(),,
2021/07/20/11:07:53.972329,11594,1626772075,635916948,,22.3608398438,0.524270355701,0.0,11.7231254578,0.0,0.0,0,0,0,False,(),,
2021/07/20/11:07:54.002294,11595,1626772075,675710916,,22.3608398438,0.511004269123,0.0,11.426484108,0.0,0.0,0,0,0,False,(),,
2021/07/20/11:07:54.042353,11596,1626772075,715822935,,22.3608398438,0.524270355701,0.0,11.7231254578,0.0,0.0,0,0,0,False,(),,
2021/07/20/11:07:54.082325,11597,1626772075,755769968,,22.3608398438,0.524270355701,0.0,11.7231254578,0.0,0.0,0,0,0,False,(),,
2021/07/20/11:07:54.122178,11598,1626772075,796060085,,22.3824996948,0.524270355701,0.0,11.7344808578,0.0,0.0,0,0,0,False,(),,
2021/07/20/11:07:54.161650,11599,1626772075,835767030,,22.3608398438,0.517637312412,0.0,11.5748052597,0.0,0.0,0,0,0,False,(),,
2021/07/20/11:07:54.202282,11600,1626772075,875768899,,22.3608398438,0.524270355701,0.0,11.7231254578,0.0,0.0,0,0,0,False,(),,
2021/07/20/11:07:54.241312,11601,1626772075,915344953,,22.3608398438,0.517637312412,0.0,11.5748052597,0.0,0.0,0,0,0,False,(),,
2021/07/20/11:07:54.281909,11602,1626772075,955912113,,22.3608398438,0.511004269123,0.0,11.426484108,0.0,0.0,0,0,0,False,(),,
2021/07/20/11:07:54.322241,11603,1626772075,996028900,,22.3824996948,0.524270355701,0.0,11.7344808578,0.0,0.0,0,0,0,False,(),,
2021/07/20/11:07:54.361940,11604,1626772076,35773992,,22.3608398438,0.524270355701,0.0,11.7231254578,0.0,0.0,0,0,0,False,(),,
2021/07/20/11:07:54.402420,11605,1626772076,75902938,,22.3824996948,0.511004269123,0.0,11.4375524521,0.0,0.0,0,0,0,False,(),,
2021/07/20/11:07:54.441289,11606,1626772076,115940093,,22.3608398438,0.511004269123,0.0,11.426484108,0.0,0.0,0,0,0,False,(),,
2021/07/20/11:07:54.481084,11607,1626772076,155644893,,22.3608398438,0.524270355701,0.0,11.7231254578,0.0,0.0,0,0,0,False,(),,
2021/07/20/11:07:54.524614,11608,1626772076,195966958,,22.3824996948,0.530903398991,0.0,11.8829460144,0.0,0.0,0,0,0,False,(),,
2021/07/20/11:07:54.561480,11609,1626772076,235759019,,22.3608398438,0.524270355701,0.0,11.7231254578,0.0,0.0,0,0,0,False,(),,
2021/07/20/11:07:54.603367,11610,1626772076,276623964,,22.3608398438,0.517637312412,0.0,11.5748052597,0.0,0.0,0,0,0,False,(),,
2021/07/20/11:07:54.642234,11611,1626772076,315946102,,22.3608398438,0.517637312412,0.0,11.5748052597,0.0,0.0,0,0,0,False,(),,
2021/07/20/11:07:54.681423,11612,1626772076,355990886,,22.3608398438,0.517637312412,0.0,11.5748052597,0.0,0.0,0,0,0,False,(),,
2021/07/20/11:07:54.721864,11613,1626772076,395730018,,22.3608398438,0.517637312412,0.0,11.5748052597,0.0,0.0,0,0,0,False,(),,
2021/07/20/11:07:54.764120,11614,1626772076,435750961,,22.3824996948,0.517637312412,0.0,11.586016655,0.0,0.0,0,0,0,False,(),,
2021/07/20/11:07:54.971829,11615,1626772076,475866079,,22.3608398438,0.517637312412,0.0,11.5748052597,0.0,0.0,0,0,0,False,(),,
2021/07/20/11:07:54.971841,11616,1626772076,515767097,,22.3608398438,0.511004269123,0.0,11.426484108,0.0,0.0,0,0,0,False,(),,
2021/07/20/11:07:54.971846,11617,1626772076,555927991,,22.3608398438,0.511004269123,0.0,11.426484108,0.0,0.0,0,0,0,False,(),,
2021/07/20/11:07:54.971855,11618,1626772076,595788002,,22.3824996948,0.517637312412,0.0,11.586016655,0.0,0.0,0,0,0,False,(),,
2021/07/20/11:07:54.971871,11619,1626772076,635879039,,22.3608398438,0.517637312412,0.0,11.5748052597,0.0,0.0,0,0,0,False,(),,
2021/07/20/11:07:55.002660,11620,1626772076,675920963,,22.3824996948,0.511004269123,0.0,11.4375524521,0.0,0.0,0,0,0,False,(),,
2021/07/20/11:07:55.041811,11621,1626772076,715944051,,22.3608398438,0.524270355701,0.0,11.7231254578,0.0,0.0,0,0,0,False,(),,
2021/07/20/11:07:55.082043,11622,1626772076,755882978,,22.3608398438,0.524270355701,0.0,11.7231254578,0.0,0.0,0,0,0,False,(),,
2021/07/20/11:07:55.121695,11623,1626772076,795849084,,22.3608398438,0.517637312412,0.0,11.5748052597,0.0,0.0,0,0,0,False,(),,
2021/07/20/11:07:55.161383,11624,1626772076,835799932,,22.3608398438,0.504371166229,0.0,11.2781639099,0.0,0.0,0,0,0,False,(),,
2021/07/20/11:07:55.201968,11625,1626772076,875955104,,22.3824996948,0.517637312412,0.0,11.586016655,0.0,0.0,0,0,0,False,(),,
2021/07/20/11:07:55.241744,11626,1626772076,915699005,,22.3608398438,0.524270355701,0.0,11.7231254578,0.0,0.0,0,0,0,False,(),,
2021/07/20/11:07:55.318216,11627,1626772076,955904006,,22.3608398438,0.511004269123,0.0,11.426484108,0.0,0.0,0,0,0,False,(),,
2021/07/20/11:07:55.322259,11628,1626772076,996185064,,22.3608398438,0.524270355701,0.0,11.7231254578,0.0,0.0,0,0,0,False,(),,
2021/07/20/11:07:55.370199,11629,1626772077,35744905,,22.3608398438,0.511004269123,0.0,11.426484108,0.0,0.0,0,0,0,False,(),,
2021/07/20/11:07:56.411424,11630,1626772077,75769901,,22.3824996948,0.530903398991,0.0,11.8829460144,0.0,0.0,0,0,0,False,(),,
2021/07/20/11:07:56.411437,11631,1626772077,115982055,,22.3608398438,0.537536501884,0.0,12.0197677612,0.0,0.0,0,0,0,False,(),,
2021/07/20/11:07:56.411441,11632,1626772077,155740976,,22.3608398438,0.530903398991,0.0,11.8714466095,0.0,0.0,0,0,0,False,(),,
2021/07/20/11:07:56.411446,11633,1626772077,195736885,,22.3824996948,0.550802588463,0.0,12.328338623,0.0,0.0,0,0,0,False,(),,
2021/07/20/11:07:56.411458,11634,1626772077,235816955,,22.3824996948,0.544169545174,0.0,12.1798744202,0.0,0.0,0,0,0,False,(),,
2021/07/20/11:07:56.411464,11635,1626772077,275990962,,22.3608398438,0.524270355701,0.0,11.7231254578,0.0,0.0,0,0,0,False,(),,
2021/07/20/11:07:57.356706,11636,1626772077,315944910,,22.3608398438,0.517637312412,0.0,11.5748052597,0.0,0.0,0,0,0,False,(),,
2021/07/20/11:07:57.356726,11637,1626772077,355878114,,22.3608398438,0.550802588463,0.0,12.316409111,0.0,0.0,0,0,0,False,(),,
2021/07/20/11:07:57.356738,11638,1626772077,395951986,,22.3608398438,0.517637312412,0.0,11.5748052597,0.0,0.0,0,0,0,False,(),,
2021/07/20/11:07:57.356746,11639,1626772077,435992002,,22.3608398438,0.524270355701,0.0,11.7231254578,0.0,0.0,0,0,0,False,(),,
2021/07/20/11:07:57.356757,11640,1626772077,475677967,,22.3608398438,0.517637312412,0.0,11.5748052597,0.0,0.0,0,0,0,False,(),,
2021/07/20/11:07:57.356766,11641,1626772077,515624046,,22.3608398438,0.511004269123,0.0,11.426484108,0.0,0.0,0,0,0,False,(),,
2021/07/20/11:07:57.356775,11642,1626772077,555942058,,22.3608398438,0.524270355701,0.0,11.7231254578,0.0,0.0,0,0,0,False,(),,
2021/07/20/11:07:57.356781,11643,1626772077,595988988,,22.3608398438,0.517637312412,0.0,11.5748052597,0.0,0.0,0,0,0,False,(),,
2021/07/20/11:07:57.356789,11644,1626772077,635720968,,22.3824996948,0.511004269123,0.0,11.4375524521,0.0,0.0,0,0,0,False,(),,
2021/07/20/11:07:57.356796,11645,1626772077,676004886,,22.3608398438,0.511004269123,0.0,11.426484108,0.0,0.0,0,0,0,False,(),,
2021/07/20/11:07:57.356805,11646,1626772077,715657949,,22.3608398438,0.504371166229,0.0,11.2781639099,0.0,0.0,0,0,0,False,(),,
2021/07/20/11:07:57.356817,11647,1626772077,755969047,,22.3608398438,0.564068734646,0.0,12.6130504608,0.0,0.0,0,0,0,False,(),,
2021/07/20/11:07:57.356826,11648,1626772077,795870065,,22.3608398438,0.544169545174,0.0,12.1680879593,0.0,0.0,0,0,0,False,(),,
2021/07/20/11:07:57.356866,11649,1626772077,835854053,,22.3608398438,0.530903398991,0.0,11.8714466095,0.0,0.0,0,0,0,False,(),,
2021/07/20/11:07:57.356881,11650,1626772077,876035928,,22.3608398438,0.537536501884,0.0,12.0197677612,0.0,0.0,0,0,0,False,(),,
2021/07/20/11:07:57.356888,11651,1626772077,915359973,,22.3824996948,0.537536501884,0.0,12.0314102173,0.0,0.0,0,0,0,False,(),,
2021/07/20/11:07:57.356893,11652,1626772077,955705881,,22.3608398438,0.530903398991,0.0,11.8714466095,0.0,0.0,0,0,0,False,(),,
2021/07/20/11:07:57.356901,11653,1626772077,995771884,,22.3608398438,0.524270355701,0.0,11.7231254578,0.0,0.0,0,0,0,False,(),,
2021/07/20/11:07:57.356936,11654,1626772078,35747051,,22.3608398438,0.544169545174,0.0,12.1680879593,0.0,0.0,0,0,0,False,(),,
2021/07/20/11:07:57.356943,11655,1626772078,75778007,,22.3608398438,0.564068734646,0.0,12.6130504608,0.0,0.0,0,0,0,False,(),,
2021/07/20/11:07:59.238464,11656,1626772078,115612983,,22.3824996948,0.544169545174,0.0,12.1798744202,0.0,0.0,0,0,0,False,(),,
2021/07/20/11:07:59.238476,11657,1626772078,155987024,,22.3824996948,0.524270355701,0.0,11.7344808578,0.0,0.0,0,0,0,False,(),,
2021/07/20/11:07:59.238480,11658,1626772078,196252107,,22.3608398438,0.564068734646,0.0,12.6130504608,0.0,0.0,0,0,0,False,(),,
2021/07/20/11:07:59.238483,11659,1626772078,235729932,,22.3608398438,0.544169545174,0.0,12.1680879593,0.0,0.0,0,0,0,False,(),,
2021/07/20/11:07:59.238487,11660,1626772078,275882005,,22.3608398438,0.557435631752,0.0,12.4647302628,0.0,0.0,0,0,0,False,(),,
2021/07/20/11:07:59.238490,11661,1626772078,315718889,,22.3608398438,0.511004269123,0.0,11.426484108,0.0,0.0,0,0,0,False,(),,
2021/07/20/11:07:59.238494,11662,1626772078,355880022,,22.3608398438,0.537536501884,0.0,12.0197677612,0.0,0.0,0,0,0,False,(),,
2021/07/20/11:07:59.238504,11663,1626772078,395920038,,22.3608398438,0.524270355701,0.0,11.7231254578,0.0,0.0,0,0,0,False,(),,
2021/07/20/11:07:59.238540,11664,1626772078,435900926,,22.3608398438,0.517637312412,0.0,11.5748052597,0.0,0.0,0,0,0,False,(),,
2021/07/20/11:07:59.238557,11665,1626772078,475629091,,22.3608398438,0.511004269123,0.0,11.426484108,0.0,0.0,0,0,0,False,(),,
2021/07/20/11:07:59.238562,11666,1626772078,515774965,,22.3608398438,0.504371166229,0.0,11.2781639099,0.0,0.0,0,0,0,False,(),,
2021/07/20/11:07:59.238578,11667,1626772078,555880069,,22.3824996948,0.504371166229,0.0,11.2890882492,0.0,0.0,0,0,0,False,(),,
2021/07/20/11:07:59.238585,11668,1626772078,595900058,,22.3608398438,0.511004269123,0.0,11.426484108,0.0,0.0,0,0,0,False,(),,
2021/07/20/11:07:59.238589,11669,1626772078,635953903,,22.3824996948,0.35181081295,0.0,7.87440538406,0.0,0.0,0,0,0,False,(),,
2021/07/20/11:07:59.238594,11670,1626772078,675721883,,22.3824996948,0.358443886042,0.0,8.02287006378,0.0,0.0,0,0,0,False,(),,
2021/07/20/11:07:59.238601,11671,1626772078,715706110,,22.3824996948,0.325278580189,0.0,7.28054761887,0.0,0.0,0,0,0,False,(),,
2021/07/20/11:07:59.238609,11672,1626772078,755883932,,22.3824996948,0.312012463808,0.0,6.98361873627,0.0,0.0,0,0,0,False,(),,
2021/07/20/11:07:59.238613,11673,1626772078,795737028,,22.3824996948,0.345177769661,0.0,7.72594118118,0.0,0.0,0,0,0,False,(),,
2021/07/20/11:07:59.238623,11674,1626772078,835714101,,22.3824996948,0.325278580189,0.0,7.28054761887,0.0,0.0,0,0,0,False,(),,
2021/07/20/11:07:59.238628,11675,1626772078,875952959,,22.3824996948,0.3186455369,0.0,7.13208341599,0.0,0.0,0,0,0,False,(),,
2021/07/20/11:07:59.238640,11676,1626772078,915910959,,22.3824996948,0.3186455369,0.0,7.13208341599,0.0,0.0,0,0,0,False,(),,
2021/07/20/11:07:59.238644,11677,1626772078,955986022,,22.3824996948,0.312012463808,0.0,6.98361873627,0.0,0.0,0,0,0,False,(),,
2021/07/20/11:07:59.238649,11678,1626772078,995958089,,22.3608398438,0.3186455369,0.0,7.12518167496,0.0,0.0,0,0,0,False,(),,
2021/07/20/11:07:59.238656,11679,1626772079,35356998,,22.3608398438,0.3186455369,0.0,7.12518167496,0.0,0.0,0,0,0,False,(),,
2021/07/20/11:07:59.238663,11680,1626772079,75694084,,22.3608398438,0.312012463808,0.0,6.97686100006,0.0,0.0,0,0,0,False,(),,
2021/07/20/11:07:59.238667,11681,1626772079,115917921,,22.3824996948,0.312012463808,0.0,6.98361873627,0.0,0.0,0,0,0,False,(),,
2021/07/20/11:07:59.238671,11682,1626772079,155813932,,22.3824996948,0.312012463808,0.0,6.98361873627,0.0,0.0,0,0,0,False,(),,
2021/07/20/11:07:59.238673,11683,1626772079,195719957,,22.3824996948,0.3186455369,0.0,7.13208341599,0.0,0.0,0,0,0,False,(),,
2021/07/20/11:07:59.238688,11684,1626772079,235694885,,22.3824996948,0.3186455369,0.0,7.13208341599,0.0,0.0,0,0,0,False,(),,
2021/07/20/11:07:59.238693,11685,1626772079,275881052,,22.3824996948,0.3186455369,0.0,7.13208341599,0.0,0.0,0,0,0,False,(),,
2021/07/20/11:07:59.238695,11686,1626772079,315967082,,22.3824996948,0.3186455369,0.0,7.13208341599,0.0,0.0,0,0,0,False,(),,
2021/07/20/11:07:59.238710,11687,1626772079,355989933,,22.3608398438,0.325278580189,0.0,7.27350282669,0.0,0.0,0,0,0,False,(),,
2021/07/20/11:07:59.238721,11688,1626772079,395709991,,22.3824996948,0.378343075514,0.0,8.4682636261,0.0,0.0,0,0,0,False,(),,
2021/07/20/11:07:59.238726,11689,1626772079,435751914,,22.3824996948,0.3186455369,0.0,7.13208341599,0.0,0.0,0,0,0,False,(),,
2021/07/20/11:07:59.238730,11690,1626772079,475868940,,22.3824996948,0.3186455369,0.0,7.13208341599,0.0,0.0,0,0,0,False,(),,
2021/07/20/11:07:59.238735,11691,1626772079,515994071,,22.3824996948,0.3186455369,0.0,7.13208341599,0.0,0.0,0,0,0,False,(),,
2021/07/20/11:07:59.238739,11692,1626772079,555874109,,22.3608398438,0.312012463808,0.0,6.97686100006,0.0,0.0,0,0,0,False,(),,
2021/07/20/11:07:59.238750,11693,1626772079,595634937,,22.3824996948,0.3186455369,0.0,7.13208341599,0.0,0.0,0,0,0,False,(),,
2021/07/20/11:07:59.238758,11694,1626772079,635781049,,22.3824996948,0.3186455369,0.0,7.13208341599,0.0,0.0,0,0,0,False,(),,
2021/07/20/11:07:59.238790,11695,1626772079,675911903,,22.3824996948,0.312012463808,0.0,6.98361873627,0.0,0.0,0,0,0,False,(),,
2021/07/20/11:07:59.238798,11696,1626772079,715600013,,22.3824996948,0.312012463808,0.0,6.98361873627,0.0,0.0,0,0,0,False,(),,
2021/07/20/11:07:59.238804,11697,1626772079,755724906,,22.3824996948,0.312012463808,0.0,6.98361873627,0.0,0.0,0,0,0,False,(),,
2021/07/20/11:07:59.238809,11698,1626772079,795691013,,22.3824996948,0.3186455369,0.0,7.13208341599,0.0,0.0,0,0,0,False,(),,
2021/07/20/11:07:59.238826,11699,1626772079,836266994,,22.3824996948,0.3186455369,0.0,7.13208341599,0.0,0.0,0,0,0,False,(),,
2021/07/20/11:07:59.238830,11700,1626772079,875751972,,22.3824996948,0.312012463808,0.0,6.98361873627,0.0,0.0,0,0,0,False,(),,
2021/07/20/11:07:59.238838,11701,1626772079,915415048,,22.3824996948,0.3186455369,0.0,7.13208341599,0.0,0.0,0,0,0,False,(),,
2021/07/20/11:07:59.238844,11702,1626772079,955667018,,22.3824996948,0.3186455369,0.0,7.13208341599,0.0,0.0,0,0,0,False,(),,
2021/07/20/11:07:59.238848,11703,1626772079,995872974,,22.3824996948,0.312012463808,0.0,6.98361873627,0.0,0.0,0,0,0,False,(),,
2021/07/20/11:07:59.238859,11704,1626772080,35690069,,22.3608398438,0.345177769661,0.0,7.71846485138,0.0,0.0,0,0,0,False,(),,
2021/07/20/11:07:59.238866,11705,1626772080,75866937,,22.3824996948,0.3186455369,0.0,7.13208341599,0.0,0.0,0,0,0,False,(),,
2021/07/20/11:07:59.238872,11706,1626772080,115780115,,22.3824996948,0.3186455369,0.0,7.13208341599,0.0,0.0,0,0,0,False,(),,
2021/07/20/11:07:59.238878,11707,1626772080,155695915,,22.3824996948,0.312012463808,0.0,6.98361873627,0.0,0.0,0,0,0,False,(),,
2021/07/20/11:07:59.238884,11708,1626772080,195705890,,22.3824996948,0.312012463808,0.0,6.98361873627,0.0,0.0,0,0,0,False,(),,
2021/07/20/11:07:59.238893,11709,1626772080,235585927,,22.3824996948,0.3186455369,0.0,7.13208341599,0.0,0.0,0,0,0,False,(),,
2021/07/20/11:07:59.360262,11710,1626772080,275564908,,22.3824996948,0.3186455369,0.0,7.13208341599,0.0,0.0,0,0,0,False,(),,
2021/07/20/11:07:59.360272,11711,1626772080,315706014,,22.3608398438,0.312012463808,0.0,6.97686100006,0.0,0.0,0,0,0,False,(),,
2021/07/20/11:07:59.360276,11712,1626772080,355629920,,22.3608398438,0.312012463808,0.0,6.97686100006,0.0,0.0,0,0,0,False,(),,
2021/07/20/11:07:59.360281,11713,1626772080,395791053,,22.3824996948,0.33191165328,0.0,7.42901229858,0.0,0.0,0,0,0,False,(),,
2021/07/20/11:07:59.360298,11714,1626772080,435708045,,22.3608398438,0.504371166229,0.0,11.2781639099,0.0,0.0,0,0,0,False,(),,
2021/07/20/11:07:59.360307,11715,1626772080,475769996,,22.3608398438,0.491105079651,0.0,10.9815216064,0.0,0.0,0,0,0,False,(),,
2021/07/20/11:07:59.360397,11716,1626772080,515866994,,22.3608398438,0.49773812294,0.0,11.1298427582,0.0,0.0,0,0,0,False,(),,
2021/07/20/11:07:59.360409,11717,1626772080,555747032,,22.3824996948,0.517637312412,0.0,11.586016655,0.0,0.0,0,0,0,False,(),,
2021/07/20/11:07:59.360420,11718,1626772080,595669984,,22.3608398438,0.517637312412,0.0,11.5748052597,0.0,0.0,0,0,0,False,(),,
2021/07/20/11:07:59.360429,11719,1626772080,635905027,,22.3608398438,0.517637312412,0.0,11.5748052597,0.0,0.0,0,0,0,False,(),,
2021/07/20/11:07:59.360468,11720,1626772080,675776958,,22.3608398438,0.511004269123,0.0,11.426484108,0.0,0.0,0,0,0,False,(),,
2021/07/20/11:07:59.360507,11721,1626772080,715878963,,22.3608398438,0.504371166229,0.0,11.2781639099,0.0,0.0,0,0,0,False,(),,
2021/07/20/11:07:59.360517,11722,1626772080,755788087,,22.3608398438,0.49773812294,0.0,11.1298427582,0.0,0.0,0,0,0,False,(),,
2021/07/20/11:07:59.360524,11723,1626772080,795610904,,22.3608398438,0.511004269123,0.0,11.426484108,0.0,0.0,0,0,0,False,(),,
2021/07/20/11:07:59.360531,11724,1626772080,836003065,,22.3608398438,0.504371166229,0.0,11.2781639099,0.0,0.0,0,0,0,False,(),,
2021/07/20/11:07:59.360549,11725,1626772080,875988960,,22.3608398438,0.577334821224,0.0,12.9096918106,0.0,0.0,0,0,0,False,(),,
2021/07/20/11:07:59.360562,11726,1626772080,915968894,,22.3608398438,0.451306700706,0.0,10.0915975571,0.0,0.0,0,0,0,False,(),,
2021/07/20/11:07:59.360575,11727,1626772080,955749034,,22.3608398438,0.378343075514,0.0,8.4600687027,0.0,0.0,0,0,0,False,(),,
2021/07/20/11:07:59.398053,11728,1626772080,995739936,,22.3608398438,0.371710002422,0.0,8.31174850464,0.0,0.0,0,0,0,False,(),,
2021/07/20/11:07:59.398084,11729,1626772081,35752058,,22.3824996948,0.378343075514,0.0,8.4682636261,0.0,0.0,0,0,0,False,(),,
2021/07/20/11:07:59.403062,11730,1626772081,75951099,,22.3824996948,0.371710002422,0.0,8.31979846954,0.0,0.0,0,0,0,False,(),,
2021/07/20/11:07:59.442057,11731,1626772081,115983963,,22.3824996948,0.365076929331,0.0,8.17133426666,0.0,0.0,0,0,0,False,(),,
2021/07/20/11:07:59.486251,11732,1626772081,156006097,,22.3824996948,0.325278580189,0.0,7.28054761887,0.0,0.0,0,0,0,False,(),,
2021/07/20/11:07:59.529788,11733,1626772081,195996999,,22.3608398438,0.33191165328,0.0,7.42182350159,0.0,0.0,0,0,0,False,(),,
2021/07/20/11:07:59.562501,11734,1626772081,235716104,,22.3824996948,0.345177769661,0.0,7.72594118118,0.0,0.0,0,0,0,False,(),,
2021/07/20/11:07:59.604708,11735,1626772081,275945901,,22.3824996948,0.312012463808,0.0,6.98361873627,0.0,0.0,0,0,0,False,(),,
2021/07/20/11:07:59.648280,11736,1626772081,315593957,,22.3608398438,0.451306700706,0.0,10.0915975571,0.0,0.0,0,0,0,False,(),,
2021/07/20/11:07:59.704497,11737,1626772081,355976104,,22.3824996948,0.491105079651,0.0,10.9921588898,0.0,0.0,0,0,0,False,(),,
2021/07/20/11:07:59.735214,11738,1626772081,395970106,,22.3824996948,0.511004269123,0.0,11.4375524521,0.0,0.0,0,0,0,False,(),,
2021/07/20/11:08:00.083473,11739,1626772081,435964107,,22.3824996948,0.530903398991,0.0,11.8829460144,0.0,0.0,0,0,0,False,(),,
2021/07/20/11:08:00.083515,11740,1626772081,475462913,,22.3824996948,0.524270355701,0.0,11.7344808578,0.0,0.0,0,0,0,False,(),,
2021/07/20/11:08:00.083527,11741,1626772081,515717983,,22.3824996948,0.537536501884,0.0,12.0314102173,0.0,0.0,0,0,0,False,(),,
2021/07/20/11:08:00.083539,11742,1626772081,555710077,,22.3608398438,0.537536501884,0.0,12.0197677612,0.0,0.0,0,0,0,False,(),,
2021/07/20/11:08:00.083547,11743,1626772081,596229076,,22.3608398438,0.564068734646,0.0,12.6130504608,0.0,0.0,0,0,0,False,(),,
2021/07/20/11:08:00.083557,11744,1626772081,635921001,,22.3824996948,0.544169545174,0.0,12.1798744202,0.0,0.0,0,0,0,False,(),,
2021/07/20/11:08:00.083569,11745,1626772081,675947904,,22.3608398438,0.530903398991,0.0,11.8714466095,0.0,0.0,0,0,0,False,(),,
2021/07/20/11:08:00.083578,11746,1626772081,715717077,,22.3608398438,0.550802588463,0.0,12.316409111,0.0,0.0,0,0,0,False,(),,
2021/07/20/11:08:01.024409,11747,1626772081,755759954,,22.3608398438,0.570701777935,0.0,12.7613716125,0.0,0.0,0,0,0,False,(),,
2021/07/20/11:08:01.024426,11748,1626772081,795947074,,22.3608398438,0.544169545174,0.0,12.1680879593,0.0,0.0,0,0,0,False,(),,
2021/07/20/11:08:01.024452,11749,1626772081,835542917,,22.3608398438,0.530903398991,0.0,11.8714466095,0.0,0.0,0,0,0,False,(),,
2021/07/20/11:08:01.024456,11750,1626772081,875922918,,22.3608398438,0.530903398991,0.0,11.8714466095,0.0,0.0,0,0,0,False,(),,
2021/07/20/11:08:01.024463,11751,1626772081,915977001,,22.3824996948,0.338544696569,0.0,7.57747650146,0.0,0.0,0,0,0,False,(),,
2021/07/20/11:08:01.024468,11752,1626772081,956016063,,22.3824996948,0.325278580189,0.0,7.28054761887,0.0,0.0,0,0,0,False,(),,
2021/07/20/11:08:01.024475,11753,1626772081,995558023,,22.3824996948,0.312012463808,0.0,6.98361873627,0.0,0.0,0,0,0,False,(),,
2021/07/20/11:08:01.024479,11754,1626772082,35840988,,22.3608398438,0.325278580189,0.0,7.27350282669,0.0,0.0,0,0,0,False,(),,
2021/07/20/11:08:01.024484,11755,1626772082,75848102,,22.3824996948,0.3186455369,0.0,7.13208341599,0.0,0.0,0,0,0,False,(),,
2021/07/20/11:08:01.024488,11756,1626772082,115725040,,22.3824996948,0.312012463808,0.0,6.98361873627,0.0,0.0,0,0,0,False,(),,
2021/07/20/11:08:01.024492,11757,1626772082,155709028,,22.3824996948,0.3186455369,0.0,7.13208341599,0.0,0.0,0,0,0,False,(),,
2021/07/20/11:08:01.024500,11758,1626772082,195699930,,22.3824996948,0.312012463808,0.0,6.98361873627,0.0,0.0,0,0,0,False,(),,
2021/07/20/11:08:01.024505,11759,1626772082,235668897,,22.3824996948,0.3186455369,0.0,7.13208341599,0.0,0.0,0,0,0,False,(),,
2021/07/20/11:08:01.024514,11760,1626772082,275651931,,22.3824996948,0.3186455369,0.0,7.13208341599,0.0,0.0,0,0,0,False,(),,
2021/07/20/11:08:01.024521,11761,1626772082,315907955,,22.3824996948,0.325278580189,0.0,7.28054761887,0.0,0.0,0,0,0,False,(),,
2021/07/20/11:08:01.024527,11762,1626772082,355741024,,22.3824996948,0.305379420519,0.0,6.83515453339,0.0,0.0,0,0,0,False,(),,
2021/07/20/11:08:01.024532,11763,1626772082,395946979,,22.3824996948,0.312012463808,0.0,6.98361873627,0.0,0.0,0,0,0,False,(),,
2021/07/20/11:08:01.024536,11764,1626772082,435569047,,22.3824996948,0.3186455369,0.0,7.13208341599,0.0,0.0,0,0,0,False,(),,
2021/07/20/11:08:01.024541,11765,1626772082,475673913,,22.3824996948,0.325278580189,0.0,7.28054761887,0.0,0.0,0,0,0,False,(),,
2021/07/20/11:08:01.024545,11766,1626772082,515767097,,22.3824996948,0.3186455369,0.0,7.13208341599,0.0,0.0,0,0,0,False,(),,
2021/07/20/11:08:01.024554,11767,1626772082,555763959,,22.3824996948,0.305379420519,0.0,6.83515453339,0.0,0.0,0,0,0,False,(),,
2021/07/20/11:08:01.024560,11768,1626772082,595932006,,22.3824996948,0.325278580189,0.0,7.28054761887,0.0,0.0,0,0,0,False,(),,
2021/07/20/11:08:01.024567,11769,1626772082,635751962,,22.3824996948,0.305379420519,0.0,6.83515453339,0.0,0.0,0,0,0,False,(),,
2021/07/20/11:08:01.345627,11770,1626772082,676037073,,22.3824996948,0.3186455369,0.0,7.13208341599,0.0,0.0,0,0,0,False,(),,
2021/07/20/11:08:01.345647,11771,1626772082,715966939,,22.3824996948,0.35181081295,0.0,7.87440538406,0.0,0.0,0,0,0,False,(),,
2021/07/20/11:08:01.345671,11772,1626772082,755738973,,22.3608398438,0.511004269123,0.0,11.426484108,0.0,0.0,0,0,0,False,(),,
2021/07/20/11:08:01.345685,11773,1626772082,795730113,,22.3608398438,0.590600967407,0.0,13.2063341141,0.0,0.0,0,0,0,False,(),,
2021/07/20/11:08:01.345693,11774,1626772082,835661888,,22.3608398438,0.557435631752,0.0,12.4647302628,0.0,0.0,0,0,0,False,(),,
2021/07/20/11:08:03.445506,11775,1626772082,875943899,,22.3608398438,0.550802588463,0.0,12.316409111,0.0,0.0,0,0,0,False,(),,
2021/07/20/11:08:03.445523,11776,1626772082,915714979,,22.3824996948,0.583967924118,0.0,13.0706615448,0.0,0.0,0,0,0,False,(),,
2021/07/20/11:08:03.445542,11777,1626772082,955811977,,22.3608398438,0.597234010696,0.0,13.3546543121,0.0,0.0,0,0,0,False,(),,
2021/07/20/11:08:03.445552,11778,1626772082,995954990,,22.3608398438,0.590600967407,0.0,13.2063341141,0.0,0.0,0,0,0,False,(),,
2021/07/20/11:08:03.445571,11779,1626772083,35742998,,22.3608398438,0.577334821224,0.0,12.9096918106,0.0,0.0,0,0,0,False,(),,
2021/07/20/11:08:03.445577,11780,1626772083,75757026,,22.3824996948,0.550802588463,0.0,12.328338623,0.0,0.0,0,0,0,False,(),,
2021/07/20/11:08:03.445583,11781,1626772083,115834951,,22.3608398438,0.530903398991,0.0,11.8714466095,0.0,0.0,0,0,0,False,(),,
2021/07/20/11:08:03.445589,11782,1626772083,155570983,,22.3608398438,0.577334821224,0.0,12.9096918106,0.0,0.0,0,0,0,False,(),,
2021/07/20/11:08:03.445603,11783,1626772083,195579051,,22.3608398438,0.564068734646,0.0,12.6130504608,0.0,0.0,0,0,0,False,(),,
2021/07/20/11:08:03.445614,11784,1626772083,235600948,,22.3608398438,0.583967924118,0.0,13.0580129623,0.0,0.0,0,0,0,False,(),,
2021/07/20/11:08:03.445634,11785,1626772083,275626897,,22.3824996948,0.583967924118,0.0,13.0706615448,0.0,0.0,0,0,0,False,(),,
2021/07/20/11:08:03.445642,11786,1626772083,316307067,,22.3824996948,0.583967924118,0.0,13.0706615448,0.0,0.0,0,0,0,False,(),,
2021/07/20/11:08:03.445651,11787,1626772083,355921030,,22.3608398438,0.577334821224,0.0,12.9096918106,0.0,0.0,0,0,0,False,(),,
2021/07/20/11:08:03.445659,11788,1626772083,395948886,,22.3608398438,0.603867053986,0.0,13.5029754639,0.0,0.0,0,0,0,False,(),,
2021/07/20/11:08:03.445667,11789,1626772083,435691118,,22.3608398438,0.570701777935,0.0,12.7613716125,0.0,0.0,0,0,0,False,(),,
2021/07/20/11:08:03.445691,11790,1626772083,475739955,,22.3608398438,0.577334821224,0.0,12.9096918106,0.0,0.0,0,0,0,False,(),,
2021/07/20/11:08:03.445697,11791,1626772083,515819072,,22.3608398438,0.577334821224,0.0,12.9096918106,0.0,0.0,0,0,0,False,(),,
2021/07/20/11:08:03.445709,11792,1626772083,555598974,,22.3608398438,0.557435631752,0.0,12.4647302628,0.0,0.0,0,0,0,False,(),,
2021/07/20/11:08:03.445716,11793,1626772083,595951080,,22.3824996948,0.570701777935,0.0,12.7737321854,0.0,0.0,0,0,0,False,(),,
2021/07/20/11:08:03.445733,11794,1626772083,635683059,,22.3608398438,0.564068734646,0.0,12.6130504608,0.0,0.0,0,0,0,False,(),,
2021/07/20/11:08:03.445739,11795,1626772083,675724029,,22.3608398438,0.570701777935,0.0,12.7613716125,0.0,0.0,0,0,0,False,(),,
2021/07/20/11:08:03.445756,11796,1626772083,715930938,,22.3608398438,0.564068734646,0.0,12.6130504608,0.0,0.0,0,0,0,False,(),,
2021/07/20/11:08:03.445767,11797,1626772083,755980968,,22.3608398438,0.550802588463,0.0,12.316409111,0.0,0.0,0,0,0,False,(),,
2021/07/20/11:08:03.445774,11798,1626772083,795703887,,22.3608398438,0.438040584326,0.0,9.79495620728,0.0,0.0,0,0,0,False,(),,
2021/07/20/11:08:06.449007,11799,1626772083,835983037,,22.3824996948,0.312012463808,0.0,6.98361873627,0.0,0.0,0,0,0,False,(),,
2021/07/20/11:08:06.449021,11800,1626772083,875593900,,22.3824996948,0.338544696569,0.0,7.57747650146,0.0,0.0,0,0,0,False,(),,
2021/07/20/11:08:06.449028,11801,1626772083,916022062,,22.3824996948,0.3186455369,0.0,7.13208341599,0.0,0.0,0,0,0,False,(),,
2021/07/20/11:08:06.449034,11802,1626772083,955729961,,22.3824996948,0.35181081295,0.0,7.87440538406,0.0,0.0,0,0,0,False,(),,
2021/07/20/11:08:06.449045,11803,1626772083,995857000,,22.3824996948,0.305379420519,0.0,6.83515453339,0.0,0.0,0,0,0,False,(),,
2021/07/20/11:08:06.449066,11804,1626772084,35783052,,22.3824996948,0.3186455369,0.0,7.13208341599,0.0,0.0,0,0,0,False,(),,
2021/07/20/11:08:06.449072,11805,1626772084,75974941,,22.3824996948,0.3186455369,0.0,7.13208341599,0.0,0.0,0,0,0,False,(),,
2021/07/20/11:08:06.449081,11806,1626772084,115962982,,22.3824996948,0.378343075514,0.0,8.4682636261,0.0,0.0,0,0,0,False,(),,
2021/07/20/11:08:06.449094,11807,1626772084,155914068,,22.3824996948,0.3186455369,0.0,7.13208341599,0.0,0.0,0,0,0,False,(),,
2021/07/20/11:08:06.449097,11808,1626772084,196079969,,22.3824996948,0.3186455369,0.0,7.13208341599,0.0,0.0,0,0,0,False,(),,
2021/07/20/11:08:06.449144,11809,1626772084,235779047,,22.3824996948,0.312012463808,0.0,6.98361873627,0.0,0.0,0,0,0,False,(),,
2021/07/20/11:08:06.449150,11810,1626772084,276137113,,22.3824996948,0.312012463808,0.0,6.98361873627,0.0,0.0,0,0,0,False,(),,
2021/07/20/11:08:06.449155,11811,1626772084,315709114,,22.3824996948,0.325278580189,0.0,7.28054761887,0.0,0.0,0,0,0,False,(),,
2021/07/20/11:08:06.449160,11812,1626772084,355887889,,22.3824996948,0.312012463808,0.0,6.98361873627,0.0,0.0,0,0,0,False,(),,
2021/07/20/11:08:06.449164,11813,1626772084,395759105,,22.3824996948,0.325278580189,0.0,7.28054761887,0.0,0.0,0,0,0,False,(),,
2021/07/20/11:08:06.449173,11814,1626772084,435890913,,22.3824996948,0.312012463808,0.0,6.98361873627,0.0,0.0,0,0,0,False,(),,
2021/07/20/11:08:06.449178,11815,1626772084,475661039,,22.3824996948,0.3186455369,0.0,7.13208341599,0.0,0.0,0,0,0,False,(),,
2021/07/20/11:08:06.449197,11816,1626772084,515741109,,22.3824996948,0.305379420519,0.0,6.83515453339,0.0,0.0,0,0,0,False,(),,
2021/07/20/11:08:06.449202,11817,1626772084,555840969,,22.3608398438,0.3186455369,0.0,7.12518167496,0.0,0.0,0,0,0,False,(),,
2021/07/20/11:08:06.449208,11818,1626772084,595952987,,22.3824996948,0.312012463808,0.0,6.98361873627,0.0,0.0,0,0,0,False,(),,
2021/07/20/11:08:06.449226,11819,1626772084,635570049,,22.3824996948,0.3186455369,0.0,7.13208341599,0.0,0.0,0,0,0,False,(),,
2021/07/20/11:08:06.449236,11820,1626772084,675795078,,22.3824996948,0.312012463808,0.0,6.98361873627,0.0,0.0,0,0,0,False,(),,
2021/07/20/11:08:06.449241,11821,1626772084,715898990,,22.3608398438,0.3186455369,0.0,7.12518167496,0.0,0.0,0,0,0,False,(),,
2021/07/20/11:08:06.449247,11822,1626772084,755752086,,22.3824996948,0.312012463808,0.0,6.98361873627,0.0,0.0,0,0,0,False,(),,
2021/07/20/11:08:06.474727,11823,1626772084,795866966,,22.3824996948,0.312012463808,0.0,6.98361873627,0.0,0.0,0,0,0,False,(),,
2021/07/20/11:08:06.474739,11824,1626772084,835752010,,22.3824996948,0.305379420519,0.0,6.83515453339,0.0,0.0,0,0,0,False,(),,
2021/07/20/11:08:06.474752,11825,1626772084,875852108,,22.3608398438,0.312012463808,0.0,6.97686100006,0.0,0.0,0,0,0,False,(),,
2021/07/20/11:08:06.474762,11826,1626772084,915929079,,22.3824996948,0.312012463808,0.0,6.98361873627,0.0,0.0,0,0,0,False,(),,
2021/07/20/11:08:06.474768,11827,1626772084,955897092,,22.3824996948,0.312012463808,0.0,6.98361873627,0.0,0.0,0,0,0,False,(),,
2021/07/20/11:08:06.474786,11828,1626772084,995953083,,22.3824996948,0.305379420519,0.0,6.83515453339,0.0,0.0,0,0,0,False,(),,
2021/07/20/11:08:06.474801,11829,1626772085,35599946,,22.3824996948,0.312012463808,0.0,6.98361873627,0.0,0.0,0,0,0,False,(),,
2021/07/20/11:08:06.474820,11830,1626772085,75865983,,22.3824996948,0.35181081295,0.0,7.87440538406,0.0,0.0,0,0,0,False,(),,
2021/07/20/11:08:06.474828,11831,1626772085,115937948,,22.3824996948,0.365076929331,0.0,8.17133426666,0.0,0.0,0,0,0,False,(),,
2021/07/20/11:08:06.474838,11832,1626772085,155715942,,22.3608398438,0.345177769661,0.0,7.71846485138,0.0,0.0,0,0,0,False,(),,
2021/07/20/11:08:06.474855,11833,1626772085,195729970,,22.3824996948,0.312012463808,0.0,6.98361873627,0.0,0.0,0,0,0,False,(),,
2021/07/20/11:08:06.474867,11834,1626772085,235727071,,22.3608398438,0.312012463808,0.0,6.97686100006,0.0,0.0,0,0,0,False,(),,
2021/07/20/11:08:06.474874,11835,1626772085,275723934,,22.3824996948,0.325278580189,0.0,7.28054761887,0.0,0.0,0,0,0,False,(),,
2021/07/20/11:08:06.474887,11836,1626772085,315804004,,22.3608398438,0.3186455369,0.0,7.12518167496,0.0,0.0,0,0,0,False,(),,
2021/07/20/11:08:06.474894,11837,1626772085,355783939,,22.3824996948,0.312012463808,0.0,6.98361873627,0.0,0.0,0,0,0,False,(),,
2021/07/20/11:08:06.474901,11838,1626772085,395950078,,22.3608398438,0.3186455369,0.0,7.12518167496,0.0,0.0,0,0,0,False,(),,
2021/07/20/11:08:06.474908,11839,1626772085,435683012,,22.3824996948,0.3186455369,0.0,7.13208341599,0.0,0.0,0,0,0,False,(),,
2021/07/20/11:08:06.474913,11840,1626772085,475807905,,22.3824996948,0.312012463808,0.0,6.98361873627,0.0,0.0,0,0,0,False,(),,
2021/07/20/11:08:06.474918,11841,1626772085,515933990,,22.3824996948,0.305379420519,0.0,6.83515453339,0.0,0.0,0,0,0,False,(),,
2021/07/20/11:08:06.474925,11842,1626772085,555922031,,22.3824996948,0.305379420519,0.0,6.83515453339,0.0,0.0,0,0,0,False,(),,
2021/07/20/11:08:06.474930,11843,1626772085,595715045,,22.3824996948,0.305379420519,0.0,6.83515453339,0.0,0.0,0,0,0,False,(),,
2021/07/20/11:08:06.474957,11844,1626772085,635601997,,22.3608398438,0.312012463808,0.0,6.97686100006,0.0,0.0,0,0,0,False,(),,
2021/07/20/11:08:06.474962,11845,1626772085,675609111,,22.3824996948,0.3186455369,0.0,7.13208341599,0.0,0.0,0,0,0,False,(),,
2021/07/20/11:08:06.474995,11846,1626772085,715946912,,22.3824996948,0.3186455369,0.0,7.13208341599,0.0,0.0,0,0,0,False,(),,
2021/07/20/11:08:06.556722,11847,1626772085,755734920,,22.3824996948,0.312012463808,0.0,6.98361873627,0.0,0.0,0,0,0,False,(),,
2021/07/20/11:08:06.556731,11848,1626772085,795823097,,22.3824996948,0.312012463808,0.0,6.98361873627,0.0,0.0,0,0,0,False,(),,
2021/07/20/11:08:06.556736,11849,1626772085,835727930,,22.3824996948,0.312012463808,0.0,6.98361873627,0.0,0.0,0,0,0,False,(),,
2021/07/20/11:08:06.556750,11850,1626772085,875788927,,22.3824996948,0.312012463808,0.0,6.98361873627,0.0,0.0,0,0,0,False,(),,
2021/07/20/11:08:06.556790,11851,1626772085,915936946,,22.3824996948,0.33191165328,0.0,7.42901229858,0.0,0.0,0,0,0,False,(),,
2021/07/20/11:08:06.556797,11852,1626772085,955774068,,22.3824996948,0.312012463808,0.0,6.98361873627,0.0,0.0,0,0,0,False,(),,
2021/07/20/11:08:06.556802,11853,1626772085,995640993,,22.3824996948,0.3186455369,0.0,7.13208341599,0.0,0.0,0,0,0,False,(),,
2021/07/20/11:08:06.556807,11854,1626772086,35900115,,22.3824996948,0.312012463808,0.0,6.98361873627,0.0,0.0,0,0,0,False,(),,
2021/07/20/11:08:06.556823,11855,1626772086,75746059,,22.3824996948,0.312012463808,0.0,6.98361873627,0.0,0.0,0,0,0,False,(),,
2021/07/20/11:08:06.556829,11856,1626772086,115591049,,22.3824996948,0.3186455369,0.0,7.13208341599,0.0,0.0,0,0,0,False,(),,
2021/07/20/11:08:06.556849,11857,1626772086,155710935,,22.3824996948,0.312012463808,0.0,6.98361873627,0.0,0.0,0,0,0,False,(),,
2021/07/20/11:08:06.556858,11858,1626772086,195916891,,22.3608398438,0.3186455369,0.0,7.12518167496,0.0,0.0,0,0,0,False,(),,
2021/07/20/11:08:06.556864,11859,1626772086,235918045,,22.3824996948,0.312012463808,0.0,6.98361873627,0.0,0.0,0,0,0,False,(),,
2021/07/20/11:08:06.556871,11860,1626772086,275747060,,22.3608398438,0.3186455369,0.0,7.12518167496,0.0,0.0,0,0,0,False,(),,
2021/07/20/11:08:06.556878,11861,1626772086,315773010,,22.3824996948,0.3186455369,0.0,7.13208341599,0.0,0.0,0,0,0,False,(),,
2021/07/20/11:08:06.556886,11862,1626772086,355731010,,22.3824996948,0.305379420519,0.0,6.83515453339,0.0,0.0,0,0,0,False,(),,
2021/07/20/11:08:06.557000,11863,1626772086,395802021,,22.3824996948,0.312012463808,0.0,6.98361873627,0.0,0.0,0,0,0,False,(),,
2021/07/20/11:08:06.557006,11864,1626772086,435847043,,22.3824996948,0.305379420519,0.0,6.83515453339,0.0,0.0,0,0,0,False,(),,
2021/07/20/11:08:06.557010,11865,1626772086,475641965,,22.3824996948,0.3186455369,0.0,7.13208341599,0.0,0.0,0,0,0,False,(),,
2021/07/20/11:08:06.557021,11866,1626772086,515624046,,22.3824996948,0.312012463808,0.0,6.98361873627,0.0,0.0,0,0,0,False,(),,
2021/07/20/11:08:06.557080,11867,1626772086,555993080,,22.3824996948,0.3186455369,0.0,7.13208341599,0.0,0.0,0,0,0,False,(),,
2021/07/20/11:08:06.557086,11868,1626772086,595691919,,22.3824996948,0.325278580189,0.0,7.28054761887,0.0,0.0,0,0,0,False,(),,
2021/07/20/11:08:06.557097,11869,1626772086,635724067,,22.3824996948,0.312012463808,0.0,6.98361873627,0.0,0.0,0,0,0,False,(),,
2021/07/20/11:08:06.557103,11870,1626772086,675910949,,22.3824996948,0.3186455369,0.0,7.13208341599,0.0,0.0,0,0,0,False,(),,
2021/07/20/11:08:06.562540,11871,1626772086,715945959,,22.3608398438,0.3186455369,0.0,7.12518167496,0.0,0.0,0,0,0,False,(),,
2021/07/20/11:08:06.562554,11872,1626772086,755749940,,22.3824996948,0.312012463808,0.0,6.98361873627,0.0,0.0,0,0,0,False,(),,
2021/07/20/11:08:06.562561,11873,1626772086,795574903,,22.3608398438,0.312012463808,0.0,6.97686100006,0.0,0.0,0,0,0,False,(),,
2021/07/20/11:08:06.562567,11874,1626772086,835850954,,22.3608398438,0.3186455369,0.0,7.12518167496,0.0,0.0,0,0,0,False,(),,
2021/07/20/11:08:06.562580,11875,1626772086,875947952,,22.3824996948,0.3186455369,0.0,7.13208341599,0.0,0.0,0,0,0,False,(),,
2021/07/20/11:08:06.562587,11876,1626772086,915946006,,22.3824996948,0.312012463808,0.0,6.98361873627,0.0,0.0,0,0,0,False,(),,
2021/07/20/11:08:06.562591,11877,1626772086,955579996,,22.3824996948,0.312012463808,0.0,6.98361873627,0.0,0.0,0,0,0,False,(),,
2021/07/20/11:08:06.562600,11878,1626772086,995969057,,22.3824996948,0.3186455369,0.0,7.13208341599,0.0,0.0,0,0,0,False,(),,
2021/07/20/11:08:06.562609,11879,1626772087,35871982,,22.3608398438,0.312012463808,0.0,6.97686100006,0.0,0.0,0,0,0,False,(),,
2021/07/20/11:08:06.562615,11880,1626772087,75736045,,22.3824996948,0.3186455369,0.0,7.13208341599,0.0,0.0,0,0,0,False,(),,
2021/07/20/11:08:06.562623,11881,1626772087,115883111,,22.3824996948,0.312012463808,0.0,6.98361873627,0.0,0.0,0,0,0,False,(),,
2021/07/20/11:08:06.562629,11882,1626772087,155764102,,22.3824996948,0.312012463808,0.0,6.98361873627,0.0,0.0,0,0,0,False,(),,
2021/07/20/11:08:06.562644,11883,1626772087,195866107,,22.3824996948,0.312012463808,0.0,6.98361873627,0.0,0.0,0,0,0,False,(),,
2021/07/20/11:08:06.562649,11884,1626772087,235748052,,22.3824996948,0.298746347427,0.0,6.68668985367,0.0,0.0,0,0,0,False,(),,
2021/07/20/11:08:06.562656,11885,1626772087,275583028,,22.3824996948,0.305379420519,0.0,6.83515453339,0.0,0.0,0,0,0,False,(),,
2021/07/20/11:08:06.562662,11886,1626772087,315758943,,22.3824996948,0.3186455369,0.0,7.13208341599,0.0,0.0,0,0,0,False,(),,
2021/07/20/11:08:06.562669,11887,1626772087,355791091,,22.3824996948,0.3186455369,0.0,7.13208341599,0.0,0.0,0,0,0,False,(),,
2021/07/20/11:08:06.562674,11888,1626772087,395982980,,22.3608398438,0.3186455369,0.0,7.12518167496,0.0,0.0,0,0,0,False,(),,
2021/07/20/11:08:06.562692,11889,1626772087,435863971,,22.3824996948,0.3186455369,0.0,7.13208341599,0.0,0.0,0,0,0,False,(),,
2021/07/20/11:08:06.562700,11890,1626772087,475758075,,22.3608398438,0.3186455369,0.0,7.12518167496,0.0,0.0,0,0,0,False,(),,
2021/07/20/11:08:06.562716,11891,1626772087,516041994,,22.3824996948,0.312012463808,0.0,6.98361873627,0.0,0.0,0,0,0,False,(),,
2021/07/20/11:08:06.562733,11892,1626772087,555763006,,22.3824996948,0.325278580189,0.0,7.28054761887,0.0,0.0,0,0,0,False,(),,
2021/07/20/11:08:06.562740,11893,1626772087,595758914,,22.3824996948,0.3186455369,0.0,7.13208341599,0.0,0.0,0,0,0,False,(),,
2021/07/20/11:08:06.562746,11894,1626772087,635745048,,22.3824996948,0.312012463808,0.0,6.98361873627,0.0,0.0,0,0,0,False,(),,
2021/07/20/11:08:06.564704,11895,1626772087,675935983,,22.3824996948,0.3186455369,0.0,7.13208341599,0.0,0.0,0,0,0,False,(),,
2021/07/20/11:08:06.564713,11896,1626772087,715969085,,22.3824996948,0.3186455369,0.0,7.13208341599,0.0,0.0,0,0,0,False,(),,
2021/07/20/11:08:06.564727,11897,1626772087,755884885,,22.3824996948,0.312012463808,0.0,6.98361873627,0.0,0.0,0,0,0,False,(),,
2021/07/20/11:08:06.564734,11898,1626772087,795860052,,22.3824996948,0.312012463808,0.0,6.98361873627,0.0,0.0,0,0,0,False,(),,
2021/07/20/11:08:06.564741,11899,1626772087,835805892,,22.3824996948,0.298746347427,0.0,6.68668985367,0.0,0.0,0,0,0,False,(),,
2021/07/20/11:08:06.564747,11900,1626772087,875878095,,22.3824996948,0.312012463808,0.0,6.98361873627,0.0,0.0,0,0,0,False,(),,
2021/07/20/11:08:06.564777,11901,1626772087,915420055,,22.3824996948,0.3186455369,0.0,7.13208341599,0.0,0.0,0,0,0,False,(),,
2021/07/20/11:08:06.564782,11902,1626772087,955534934,,22.3824996948,0.3186455369,0.0,7.13208341599,0.0,0.0,0,0,0,False,(),,
2021/07/20/11:08:06.564789,11903,1626772087,995876073,,22.3824996948,0.3186455369,0.0,7.13208341599,0.0,0.0,0,0,0,False,(),,
2021/07/20/11:08:06.564795,11904,1626772088,35644054,,22.3824996948,0.312012463808,0.0,6.98361873627,0.0,0.0,0,0,0,False,(),,
2021/07/20/11:08:06.564799,11905,1626772088,75624942,,22.3608398438,0.3186455369,0.0,7.12518167496,0.0,0.0,0,0,0,False,(),,
2021/07/20/11:08:06.564804,11906,1626772088,116002082,,22.3608398438,0.35181081295,0.0,7.86678552628,0.0,0.0,0,0,0,False,(),,
2021/07/20/11:08:06.564829,11907,1626772088,155989885,,22.3608398438,0.557435631752,0.0,12.4647302628,0.0,0.0,0,0,0,False,(),,
2021/07/20/11:08:06.564834,11908,1626772088,196007966,,22.3608398438,0.570701777935,0.0,12.7613716125,0.0,0.0,0,0,0,False,(),,
2021/07/20/11:08:06.635240,11909,1626772088,235866069,,22.3824996948,0.597234010696,0.0,13.3675899506,0.0,0.0,0,0,0,False,(),,
2021/07/20/11:08:06.635252,11910,1626772088,275748968,,22.3608398438,0.597234010696,0.0,13.3546543121,0.0,0.0,0,0,0,False,(),,
2021/07/20/11:08:06.657235,11911,1626772088,315856933,,22.3608398438,0.583967924118,0.0,13.0580129623,0.0,0.0,0,0,0,False,(),,
2021/07/20/11:08:06.708217,11912,1626772088,355581998,,22.3608398438,0.590600967407,0.0,13.2063341141,0.0,0.0,0,0,0,False,(),,
2021/07/20/11:08:06.722577,11913,1626772088,395767927,,22.3608398438,0.544169545174,0.0,12.1680879593,0.0,0.0,0,0,0,False,(),,
2021/07/20/11:08:06.761467,11914,1626772088,435945034,,22.3824996948,0.550802588463,0.0,12.328338623,0.0,0.0,0,0,0,False,(),,
2021/07/20/11:08:07.194068,11915,1626772088,475996971,,22.3608398438,0.537536501884,0.0,12.0197677612,0.0,0.0,0,0,0,False,(),,
2021/07/20/11:08:07.194078,11916,1626772088,515752077,,22.3824996948,0.537536501884,0.0,12.0314102173,0.0,0.0,0,0,0,False,(),,
2021/07/20/11:08:07.194094,11917,1626772088,555919885,,22.3608398438,0.537536501884,0.0,12.0197677612,0.0,0.0,0,0,0,False,(),,
2021/07/20/11:08:07.194101,11918,1626772088,595649957,,22.3608398438,0.537536501884,0.0,12.0197677612,0.0,0.0,0,0,0,False,(),,
2021/07/20/11:08:07.194110,11919,1626772088,635950088,,22.3824996948,0.537536501884,0.0,12.0314102173,0.0,0.0,0,0,0,False,(),,
2021/07/20/11:08:07.194114,11920,1626772088,675930976,,22.3608398438,0.537536501884,0.0,12.0197677612,0.0,0.0,0,0,0,False,(),,
2021/07/20/11:08:07.194120,11921,1626772088,715804100,,22.3608398438,0.530903398991,0.0,11.8714466095,0.0,0.0,0,0,0,False,(),,
2021/07/20/11:08:07.194154,11922,1626772088,755752086,,22.3608398438,0.524270355701,0.0,11.7231254578,0.0,0.0,0,0,0,False,(),,
2021/07/20/11:08:07.194161,11923,1626772088,795716047,,22.3608398438,0.544169545174,0.0,12.1680879593,0.0,0.0,0,0,0,False,(),,
2021/07/20/11:08:07.194165,11924,1626772088,835572004,,22.3824996948,0.530903398991,0.0,11.8829460144,0.0,0.0,0,0,0,False,(),,
2021/07/20/11:08:07.215776,11925,1626772088,875709056,,22.3608398438,0.537536501884,0.0,12.0197677612,0.0,0.0,0,0,0,False,(),,
2021/07/20/11:08:07.245396,11926,1626772088,915956974,,22.3608398438,0.544169545174,0.0,12.1680879593,0.0,0.0,0,0,0,False,(),,
2021/07/20/11:08:07.284784,11927,1626772088,956377029,,22.3608398438,0.544169545174,0.0,12.1680879593,0.0,0.0,0,0,0,False,(),,
2021/07/20/11:08:07.322484,11928,1626772088,995765924,,22.3608398438,0.544169545174,0.0,12.1680879593,0.0,0.0,0,0,0,False,(),,
2021/07/20/11:08:07.371487,11929,1626772089,35931110,,22.3824996948,0.530903398991,0.0,11.8829460144,0.0,0.0,0,0,0,False,(),,
2021/07/20/11:08:07.405608,11930,1626772089,75746059,,22.3608398438,0.550802588463,0.0,12.316409111,0.0,0.0,0,0,0,False,(),,
2021/07/20/11:08:07.442238,11931,1626772089,116225004,,22.3608398438,0.544169545174,0.0,12.1680879593,0.0,0.0,0,0,0,False,(),,
2021/07/20/11:08:07.482354,11932,1626772089,156033039,,22.3608398438,0.550802588463,0.0,12.316409111,0.0,0.0,0,0,0,False,(),,
2021/07/20/11:08:07.521611,11933,1626772089,196065902,,22.3824996948,0.544169545174,0.0,12.1798744202,0.0,0.0,0,0,0,False,(),,
2021/07/20/11:08:07.561039,11934,1626772089,235613107,,22.3608398438,0.537536501884,0.0,12.0197677612,0.0,0.0,0,0,0,False,(),,
2021/07/20/11:08:07.602056,11935,1626772089,275743961,,22.3608398438,0.537536501884,0.0,12.0197677612,0.0,0.0,0,0,0,False,(),,
2021/07/20/11:08:07.641870,11936,1626772089,315998077,,22.3608398438,0.530903398991,0.0,11.8714466095,0.0,0.0,0,0,0,False,(),,
2021/07/20/11:08:07.682356,11937,1626772089,355576038,,22.3608398438,0.530903398991,0.0,11.8714466095,0.0,0.0,0,0,0,False,(),,
2021/07/20/11:08:07.727004,11938,1626772089,396183013,,22.3608398438,0.544169545174,0.0,12.1680879593,0.0,0.0,0,0,0,False,(),,
2021/07/20/11:08:07.762414,11939,1626772089,435918092,,22.3608398438,0.544169545174,0.0,12.1680879593,0.0,0.0,0,0,0,False,(),,
2021/07/20/11:08:07.962005,11940,1626772089,475938081,,22.3608398438,0.530903398991,0.0,11.8714466095,0.0,0.0,0,0,0,False,(),,
2021/07/20/11:08:07.962023,11941,1626772089,515775918,,22.3608398438,0.524270355701,0.0,11.7231254578,0.0,0.0,0,0,0,False,(),,
2021/07/20/11:08:07.962033,11942,1626772089,555841922,,22.3608398438,0.530903398991,0.0,11.8714466095,0.0,0.0,0,0,0,False,(),,
2021/07/20/11:08:07.962039,11943,1626772089,595839977,,22.3608398438,0.537536501884,0.0,12.0197677612,0.0,0.0,0,0,0,False,(),,
2021/07/20/11:08:07.964316,11944,1626772089,636071920,,22.3608398438,0.537536501884,0.0,12.0197677612,0.0,0.0,0,0,0,False,(),,
2021/07/20/11:08:08.002156,11945,1626772089,676004886,,22.3608398438,0.537536501884,0.0,12.0197677612,0.0,0.0,0,0,0,False,(),,
2021/07/20/11:08:08.041307,11946,1626772089,715991020,,22.3608398438,0.537536501884,0.0,12.0197677612,0.0,0.0,0,0,0,False,(),,
2021/07/20/11:08:08.082208,11947,1626772089,755692958,,22.3608398438,0.537536501884,0.0,12.0197677612,0.0,0.0,0,0,0,False,(),,
2021/07/20/11:08:08.122447,11948,1626772089,795907020,,22.3608398438,0.530903398991,0.0,11.8714466095,0.0,0.0,0,0,0,False,(),,
2021/07/20/11:08:08.162889,11949,1626772089,835985898,,22.3608398438,0.537536501884,0.0,12.0197677612,0.0,0.0,0,0,0,False,(),,
2021/07/20/11:08:08.202202,11950,1626772089,876780986,,22.3608398438,0.537536501884,0.0,12.0197677612,0.0,0.0,0,0,0,False,(),,
2021/07/20/11:08:08.240679,11951,1626772089,915501117,,22.3608398438,0.530903398991,0.0,11.8714466095,0.0,0.0,0,0,0,False,(),,
2021/07/20/11:08:08.282005,11952,1626772089,955581903,,22.3608398438,0.524270355701,0.0,11.7231254578,0.0,0.0,0,0,0,False,(),,
2021/07/20/11:08:08.322346,11953,1626772089,995876073,,22.3608398438,0.537536501884,0.0,12.0197677612,0.0,0.0,0,0,0,False,(),,
2021/07/20/11:08:08.361374,11954,1626772090,35855054,,22.3824996948,0.530903398991,0.0,11.8829460144,0.0,0.0,0,0,0,False,(),,
2021/07/20/11:08:08.402074,11955,1626772090,76334953,,22.3608398438,0.537536501884,0.0,12.0197677612,0.0,0.0,0,0,0,False,(),,
2021/07/20/11:08:08.442538,11956,1626772090,115891933,,22.3608398438,0.530903398991,0.0,11.8714466095,0.0,0.0,0,0,0,False,(),,
2021/07/20/11:08:08.482648,11957,1626772090,155956983,,22.3608398438,0.530903398991,0.0,11.8714466095,0.0,0.0,0,0,0,False,(),,
2021/07/20/11:08:08.521240,11958,1626772090,195878028,,22.3608398438,0.537536501884,0.0,12.0197677612,0.0,0.0,0,0,0,False,(),,
2021/07/20/11:08:08.562283,11959,1626772090,235620975,,22.3824996948,0.524270355701,0.0,11.7344808578,0.0,0.0,0,0,0,False,(),,
2021/07/20/11:08:08.601469,11960,1626772090,275862932,,22.3608398438,0.544169545174,0.0,12.1680879593,0.0,0.0,0,0,0,False,(),,
2021/07/20/11:08:08.642660,11961,1626772090,316025972,,22.3608398438,0.537536501884,0.0,12.0197677612,0.0,0.0,0,0,0,False,(),,
2021/07/20/11:08:08.684422,11962,1626772090,356040954,,22.3608398438,0.530903398991,0.0,11.8714466095,0.0,0.0,0,0,0,False,(),,
2021/07/20/11:08:08.726251,11963,1626772090,395858049,,22.3608398438,0.537536501884,0.0,12.0197677612,0.0,0.0,0,0,0,False,(),,
2021/07/20/11:08:08.761911,11964,1626772090,435726881,,22.3824996948,0.530903398991,0.0,11.8829460144,0.0,0.0,0,0,0,False,(),,
2021/07/20/11:08:08.973358,11965,1626772090,475761890,,22.3608398438,0.544169545174,0.0,12.1680879593,0.0,0.0,0,0,0,False,(),,
2021/07/20/11:08:08.973374,11966,1626772090,515739917,,22.3608398438,0.530903398991,0.0,11.8714466095,0.0,0.0,0,0,0,False,(),,
2021/07/20/11:08:08.973384,11967,1626772090,556008100,,22.3608398438,0.524270355701,0.0,11.7231254578,0.0,0.0,0,0,0,False,(),,
2021/07/20/11:08:08.973402,11968,1626772090,595746040,,22.3608398438,0.530903398991,0.0,11.8714466095,0.0,0.0,0,0,0,False,(),,
2021/07/20/11:08:08.973415,11969,1626772090,635937929,,22.3608398438,0.524270355701,0.0,11.7231254578,0.0,0.0,0,0,0,False,(),,
2021/07/20/11:08:09.003326,11970,1626772090,675649881,,22.3824996948,0.537536501884,0.0,12.0314102173,0.0,0.0,0,0,0,False,(),,
2021/07/20/11:08:09.048009,11971,1626772090,715878009,,22.3608398438,0.537536501884,0.0,12.0197677612,0.0,0.0,0,0,0,False,(),,
2021/07/20/11:08:09.082131,11972,1626772090,756062030,,22.3608398438,0.544169545174,0.0,12.1680879593,0.0,0.0,0,0,0,False,(),,
2021/07/20/11:08:09.122334,11973,1626772090,795928955,,22.3608398438,0.537536501884,0.0,12.0197677612,0.0,0.0,0,0,0,False,(),,
2021/07/20/11:08:09.176408,11974,1626772090,835714101,,22.3824996948,0.530903398991,0.0,11.8829460144,0.0,0.0,0,0,0,False,(),,
2021/07/20/11:08:09.210428,11975,1626772090,875706911,,22.3608398438,0.537536501884,0.0,12.0197677612,0.0,0.0,0,0,0,False,(),,
2021/07/20/11:08:09.277220,11976,1626772090,915888071,,22.3608398438,0.537536501884,0.0,12.0197677612,0.0,0.0,0,0,0,False,(),,
2021/07/20/11:08:09.286990,11977,1626772090,955933094,,22.3824996948,0.530903398991,0.0,11.8829460144,0.0,0.0,0,0,0,False,(),,
2021/07/20/11:08:09.338699,11978,1626772090,995950937,,22.3608398438,0.544169545174,0.0,12.1680879593,0.0,0.0,0,0,0,False,(),,
2021/07/20/11:08:09.361634,11979,1626772091,35734891,,22.3608398438,0.537536501884,0.0,12.0197677612,0.0,0.0,0,0,0,False,(),,
2021/07/20/11:08:09.402285,11980,1626772091,75927019,,22.3608398438,0.544169545174,0.0,12.1680879593,0.0,0.0,0,0,0,False,(),,
2021/07/20/11:08:09.442340,11981,1626772091,115942955,,22.3608398438,0.524270355701,0.0,11.7231254578,0.0,0.0,0,0,0,False,(),,
2021/07/20/11:08:09.481776,11982,1626772091,156032085,,22.3608398438,0.530903398991,0.0,11.8714466095,0.0,0.0,0,0,0,False,(),,
2021/07/20/11:08:09.521335,11983,1626772091,195869922,,22.3608398438,0.544169545174,0.0,12.1680879593,0.0,0.0,0,0,0,False,(),,
2021/07/20/11:08:09.561957,11984,1626772091,235634088,,22.3608398438,0.530903398991,0.0,11.8714466095,0.0,0.0,0,0,0,False,(),,
2021/07/20/11:08:09.601546,11985,1626772091,275913000,,22.3608398438,0.537536501884,0.0,12.0197677612,0.0,0.0,0,0,0,False,(),,
2021/07/20/11:08:09.646047,11986,1626772091,315949916,,22.3824996948,0.537536501884,0.0,12.0314102173,0.0,0.0,0,0,0,False,(),,
2021/07/20/11:08:09.682003,11987,1626772091,356004953,,22.3608398438,0.544169545174,0.0,12.1680879593,0.0,0.0,0,0,0,False,(),,
2021/07/20/11:08:09.722953,11988,1626772091,395991086,,22.3608398438,0.530903398991,0.0,11.8714466095,0.0,0.0,0,0,0,False,(),,
2021/07/20/11:08:09.763417,11989,1626772091,435542106,,22.3608398438,0.524270355701,0.0,11.7231254578,0.0,0.0,0,0,0,False,(),,
2021/07/20/11:08:09.968815,11990,1626772091,475977897,,22.3608398438,0.530903398991,0.0,11.8714466095,0.0,0.0,0,0,0,False,(),,
2021/07/20/11:08:09.968832,11991,1626772091,515969991,,22.3608398438,0.537536501884,0.0,12.0197677612,0.0,0.0,0,0,0,False,(),,
2021/07/20/11:08:09.968976,11992,1626772091,555742025,,22.3608398438,0.530903398991,0.0,11.8714466095,0.0,0.0,0,0,0,False,(),,
2021/07/20/11:08:09.968986,11993,1626772091,595916032,,22.3824996948,0.530903398991,0.0,11.8829460144,0.0,0.0,0,0,0,False,(),,
2021/07/20/11:08:09.969009,11994,1626772091,635876893,,22.3608398438,0.530903398991,0.0,11.8714466095,0.0,0.0,0,0,0,False,(),,
2021/07/20/11:08:10.001462,11995,1626772091,675304889,,22.3608398438,0.537536501884,0.0,12.0197677612,0.0,0.0,0,0,0,False,(),,
2021/07/20/11:08:10.042110,11996,1626772091,715856075,,22.3824996948,0.530903398991,0.0,11.8829460144,0.0,0.0,0,0,0,False,(),,
2021/07/20/11:08:10.082617,11997,1626772091,756105899,,22.3824996948,0.537536501884,0.0,12.0314102173,0.0,0.0,0,0,0,False,(),,
2021/07/20/11:08:10.122759,11998,1626772091,796463966,,22.3824996948,0.537536501884,0.0,12.0314102173,0.0,0.0,0,0,0,False,(),,
2021/07/20/11:08:10.162208,11999,1626772091,836041927,,22.3824996948,0.524270355701,0.0,11.7344808578,0.0,0.0,0,0,0,False,(),,
2021/07/20/11:08:10.202463,12000,1626772091,876033067,,22.3824996948,0.312012463808,0.0,6.98361873627,0.0,0.0,0,0,0,False,(),,
2021/07/20/11:08:10.241250,12001,1626772091,915961980,,22.3824996948,0.33191165328,0.0,7.42901229858,0.0,0.0,0,0,0,False,(),,
2021/07/20/11:08:10.281745,12002,1626772091,955701112,,22.3824996948,0.3186455369,0.0,7.13208341599,0.0,0.0,0,0,0,False,(),,
2021/07/20/11:08:10.321551,12003,1626772091,995765924,,22.3824996948,0.3186455369,0.0,7.13208341599,0.0,0.0,0,0,0,False,(),,
2021/07/20/11:08:10.362489,12004,1626772092,35969018,,22.3824996948,0.305379420519,0.0,6.83515453339,0.0,0.0,0,0,0,False,(),,
2021/07/20/11:08:10.402650,12005,1626772092,75875997,,22.3824996948,0.3186455369,0.0,7.13208341599,0.0,0.0,0,0,0,False,(),,
2021/07/20/11:08:10.443111,12006,1626772092,116748094,,22.3608398438,0.3186455369,0.0,7.12518167496,0.0,0.0,0,0,0,False,(),,
2021/07/20/11:08:10.483645,12007,1626772092,155951023,,22.3824996948,0.325278580189,0.0,7.28054761887,0.0,0.0,0,0,0,False,(),,
2021/07/20/11:08:10.522154,12008,1626772092,196144104,,22.3824996948,0.312012463808,0.0,6.98361873627,0.0,0.0,0,0,0,False,(),,
2021/07/20/11:08:10.562128,12009,1626772092,235733985,,22.3824996948,0.3186455369,0.0,7.13208341599,0.0,0.0,0,0,0,False,(),,
2021/07/20/11:08:10.601580,12010,1626772092,275927066,,22.3824996948,0.312012463808,0.0,6.98361873627,0.0,0.0,0,0,0,False,(),,
2021/07/20/11:08:10.641659,12011,1626772092,315880060,,22.3608398438,0.325278580189,0.0,7.27350282669,0.0,0.0,0,0,0,False,(),,
2021/07/20/11:08:10.682095,12012,1626772092,355635881,,22.3608398438,0.3186455369,0.0,7.12518167496,0.0,0.0,0,0,0,False,(),,
2021/07/20/11:08:10.721399,12013,1626772092,395929098,,22.3824996948,0.3186455369,0.0,7.13208341599,0.0,0.0,0,0,0,False,(),,
2021/07/20/11:08:10.762170,12014,1626772092,435955047,,22.3824996948,0.3186455369,0.0,7.13208341599,0.0,0.0,0,0,0,False,(),,
2021/07/20/11:08:10.955062,12015,1626772092,475891113,,22.3824996948,0.312012463808,0.0,6.98361873627,0.0,0.0,0,0,0,False,(),,
2021/07/20/11:08:10.955101,12016,1626772092,515918016,,22.3824996948,0.3186455369,0.0,7.13208341599,0.0,0.0,0,0,0,False,(),,
2021/07/20/11:08:10.955119,12017,1626772092,555783987,,22.3824996948,0.312012463808,0.0,6.98361873627,0.0,0.0,0,0,0,False,(),,
2021/07/20/11:08:10.955129,12018,1626772092,595894098,,22.3824996948,0.3186455369,0.0,7.13208341599,0.0,0.0,0,0,0,False,(),,
2021/07/20/11:08:10.963808,12019,1626772092,636214017,,22.3824996948,0.3186455369,0.0,7.13208341599,0.0,0.0,0,0,0,False,(),,
2021/07/20/11:08:11.002179,12020,1626772092,675893068,,22.3824996948,0.33191165328,0.0,7.42901229858,0.0,0.0,0,0,0,False,(),,
2021/07/20/11:08:11.042123,12021,1626772092,715858936,,22.3824996948,0.325278580189,0.0,7.28054761887,0.0,0.0,0,0,0,False,(),,
2021/07/20/11:08:11.082033,12022,1626772092,756113052,,22.3824996948,0.3186455369,0.0,7.13208341599,0.0,0.0,0,0,0,False,(),,
2021/07/20/11:08:11.121486,12023,1626772092,795708894,,22.3824996948,0.325278580189,0.0,7.28054761887,0.0,0.0,0,0,0,False,(),,
2021/07/20/11:08:11.162898,12024,1626772092,835784912,,22.3824996948,0.3186455369,0.0,7.13208341599,0.0,0.0,0,0,0,False,(),,
2021/07/20/11:08:11.207104,12025,1626772092,875946998,,22.3824996948,0.325278580189,0.0,7.28054761887,0.0,0.0,0,0,0,False,(),,
2021/07/20/11:08:11.241652,12026,1626772092,916214942,,22.3824996948,0.3186455369,0.0,7.13208341599,0.0,0.0,0,0,0,False,(),,
2021/07/20/11:08:11.284302,12027,1626772092,956026077,,22.3824996948,0.3186455369,0.0,7.13208341599,0.0,0.0,0,0,0,False,(),,
2021/07/20/11:08:11.322149,12028,1626772092,995908975,,22.3824996948,0.33191165328,0.0,7.42901229858,0.0,0.0,0,0,0,False,(),,
2021/07/20/11:08:11.361626,12029,1626772093,35797119,,22.3824996948,0.312012463808,0.0,6.98361873627,0.0,0.0,0,0,0,False,(),,
2021/07/20/11:08:11.402690,12030,1626772093,75916051,,22.3608398438,0.464572817087,0.0,10.3882389069,0.0,0.0,0,0,0,False,(),,
2021/07/20/11:08:11.442958,12031,1626772093,116158962,,22.3608398438,0.491105079651,0.0,10.9815216064,0.0,0.0,0,0,0,False,(),,
2021/07/20/11:08:11.481517,12032,1626772093,156037092,,22.3824996948,0.517637312412,0.0,11.586016655,0.0,0.0,0,0,0,False,(),,
2021/07/20/11:08:11.522061,12033,1626772093,195900917,,22.3824996948,0.517637312412,0.0,11.586016655,0.0,0.0,0,0,0,False,(),,
2021/07/20/11:08:11.564692,12034,1626772093,235889911,,22.3608398438,0.537536501884,0.0,12.0197677612,0.0,0.0,0,0,0,False,(),,
2021/07/20/11:08:11.603882,12035,1626772093,276019096,,22.3824996948,0.537536501884,0.0,12.0314102173,0.0,0.0,0,0,0,False,(),,
2021/07/20/11:08:11.643530,12036,1626772093,315754890,,22.3608398438,0.537536501884,0.0,12.0197677612,0.0,0.0,0,0,0,False,(),,
2021/07/20/11:08:11.682087,12037,1626772093,355874061,,22.3608398438,0.537536501884,0.0,12.0197677612,0.0,0.0,0,0,0,False,(),,
2021/07/20/11:08:11.722283,12038,1626772093,396085023,,22.3608398438,0.537536501884,0.0,12.0197677612,0.0,0.0,0,0,0,False,(),,
2021/07/20/11:08:11.761719,12039,1626772093,435740947,,22.3608398438,0.537536501884,0.0,12.0197677612,0.0,0.0,0,0,0,False,(),,
2021/07/20/11:08:11.946766,12040,1626772093,475888013,,22.3608398438,0.530903398991,0.0,11.8714466095,0.0,0.0,0,0,0,False,(),,
2021/07/20/11:08:11.946786,12041,1626772093,515957117,,22.3608398438,0.530903398991,0.0,11.8714466095,0.0,0.0,0,0,0,False,(),,
2021/07/20/11:08:11.946791,12042,1626772093,555919885,,22.3608398438,0.530903398991,0.0,11.8714466095,0.0,0.0,0,0,0,False,(),,
2021/07/20/11:08:11.946797,12043,1626772093,596019029,,22.3824996948,0.537536501884,0.0,12.0314102173,0.0,0.0,0,0,0,False,(),,
2021/07/20/11:08:11.962297,12044,1626772093,635746955,,22.3608398438,0.537536501884,0.0,12.0197677612,0.0,0.0,0,0,0,False,(),,
2021/07/20/11:08:12.001747,12045,1626772093,675533056,,22.3608398438,0.530903398991,0.0,11.8714466095,0.0,0.0,0,0,0,False,(),,
2021/07/20/11:08:12.041974,12046,1626772093,715745925,,22.3608398438,0.537536501884,0.0,12.0197677612,0.0,0.0,0,0,0,False,(),,
2021/07/20/11:08:12.081352,12047,1626772093,755465030,,22.3824996948,0.524270355701,0.0,11.7344808578,0.0,0.0,0,0,0,False,(),,
2021/07/20/11:08:12.122227,12048,1626772093,795964002,,22.3608398438,0.537536501884,0.0,12.0197677612,0.0,0.0,0,0,0,False,(),,
2021/07/20/11:08:12.162836,12049,1626772093,836189985,,22.3608398438,0.537536501884,0.0,12.0197677612,0.0,0.0,0,0,0,False,(),,
2021/07/20/11:08:12.201818,12050,1626772093,875960111,,22.3824996948,0.537536501884,0.0,12.0314102173,0.0,0.0,0,0,0,False,(),,
2021/07/20/11:08:12.240786,12051,1626772093,915537118,,22.3824996948,0.537536501884,0.0,12.0314102173,0.0,0.0,0,0,0,False,(),,
2021/07/20/11:08:12.281574,12052,1626772093,955581903,,22.3608398438,0.544169545174,0.0,12.1680879593,0.0,0.0,0,0,0,False,(),,
2021/07/20/11:08:12.323144,12053,1626772093,995913982,,22.3608398438,0.530903398991,0.0,11.8714466095,0.0,0.0,0,0,0,False,(),,
2021/07/20/11:08:12.362277,12054,1626772094,36273002,,22.3608398438,0.530903398991,0.0,11.8714466095,0.0,0.0,0,0,0,False,(),,
2021/07/20/11:08:12.402375,12055,1626772094,75968980,,22.3608398438,0.537536501884,0.0,12.0197677612,0.0,0.0,0,0,0,False,(),,
2021/07/20/11:08:12.442490,12056,1626772094,116009950,,22.3608398438,0.537536501884,0.0,12.0197677612,0.0,0.0,0,0,0,False,(),,
2021/07/20/11:08:12.481179,12057,1626772094,155730962,,22.3824996948,0.537536501884,0.0,12.0314102173,0.0,0.0,0,0,0,False,(),,
2021/07/20/11:08:12.521737,12058,1626772094,195687055,,22.3608398438,0.537536501884,0.0,12.0197677612,0.0,0.0,0,0,0,False,(),,
2021/07/20/11:08:12.562336,12059,1626772094,235869884,,22.3608398438,0.537536501884,0.0,12.0197677612,0.0,0.0,0,0,0,False,(),,
2021/07/20/11:08:12.602468,12060,1626772094,276022911,,22.3608398438,0.544169545174,0.0,12.1680879593,0.0,0.0,0,0,0,False,(),,
2021/07/20/11:08:12.641864,12061,1626772094,315962076,,22.3608398438,0.530903398991,0.0,11.8714466095,0.0,0.0,0,0,0,False,(),,
2021/07/20/11:08:12.681611,12062,1626772094,355772018,,22.3824996948,0.544169545174,0.0,12.1798744202,0.0,0.0,0,0,0,False,(),,
2021/07/20/11:08:12.721618,12063,1626772094,396225929,,22.3608398438,0.537536501884,0.0,12.0197677612,0.0,0.0,0,0,0,False,(),,
2021/07/20/11:08:12.761692,12064,1626772094,435583114,,22.3608398438,0.544169545174,0.0,12.1680879593,0.0,0.0,0,0,0,False,(),,
2021/07/20/11:08:12.987082,12065,1626772094,476001977,,22.3824996948,0.537536501884,0.0,12.0314102173,0.0,0.0,0,0,0,False,(),,
2021/07/20/11:08:12.987100,12066,1626772094,515974044,,22.3608398438,0.537536501884,0.0,12.0197677612,0.0,0.0,0,0,0,False,(),,
2021/07/20/11:08:12.987122,12067,1626772094,555746078,,22.3608398438,0.537536501884,0.0,12.0197677612,0.0,0.0,0,0,0,False,(),,
2021/07/20/11:08:12.987139,12068,1626772094,595860958,,22.3608398438,0.544169545174,0.0,12.1680879593,0.0,0.0,0,0,0,False,(),,
2021/07/20/11:08:12.987158,12069,1626772094,635786056,,22.3608398438,0.544169545174,0.0,12.1680879593,0.0,0.0,0,0,0,False,(),,
2021/07/20/11:08:13.089053,12070,1626772094,675896883,,22.3608398438,0.537536501884,0.0,12.0197677612,0.0,0.0,0,0,0,False,(),,
2021/07/20/11:08:13.089062,12071,1626772094,715873956,,22.3608398438,0.537536501884,0.0,12.0197677612,0.0,0.0,0,0,0,False,(),,
2021/07/20/11:08:13.093582,12072,1626772094,756016016,,22.3608398438,0.537536501884,0.0,12.0197677612,0.0,0.0,0,0,0,False,(),,
2021/07/20/11:08:13.122030,12073,1626772094,795859098,,22.3608398438,0.564068734646,0.0,12.6130504608,0.0,0.0,0,0,0,False,(),,
2021/07/20/11:08:13.161990,12074,1626772094,835767030,,22.3608398438,0.544169545174,0.0,12.1680879593,0.0,0.0,0,0,0,False,(),,
2021/07/20/11:08:13.202691,12075,1626772094,875916004,,22.3824996948,0.544169545174,0.0,12.1798744202,0.0,0.0,0,0,0,False,(),,
2021/07/20/11:08:13.242147,12076,1626772094,916095972,,22.3608398438,0.544169545174,0.0,12.1680879593,0.0,0.0,0,0,0,False,(),,
2021/07/20/11:08:13.281344,12077,1626772094,955952882,,22.3608398438,0.537536501884,0.0,12.0197677612,0.0,0.0,0,0,0,False,(),,
2021/07/20/11:08:13.321577,12078,1626772094,995976924,,22.3608398438,0.537536501884,0.0,12.0197677612,0.0,0.0,0,0,0,False,(),,
2021/07/20/11:08:13.364064,12079,1626772095,35922050,,22.3608398438,0.537536501884,0.0,12.0197677612,0.0,0.0,0,0,0,False,(),,
2021/07/20/11:08:13.402432,12080,1626772095,76009988,,22.3608398438,0.544169545174,0.0,12.1680879593,0.0,0.0,0,0,0,False,(),,
2021/07/20/11:08:13.442320,12081,1626772095,115892887,,22.3608398438,0.537536501884,0.0,12.0197677612,0.0,0.0,0,0,0,False,(),,
2021/07/20/11:08:13.481338,12082,1626772095,155746936,,22.3608398438,0.530903398991,0.0,11.8714466095,0.0,0.0,0,0,0,False,(),,
2021/07/20/11:08:13.521705,12083,1626772095,195996046,,22.3824996948,0.544169545174,0.0,12.1798744202,0.0,0.0,0,0,0,False,(),,
2021/07/20/11:08:13.562948,12084,1626772095,235975980,,22.3608398438,0.544169545174,0.0,12.1680879593,0.0,0.0,0,0,0,False,(),,
2021/07/20/11:08:13.602202,12085,1626772095,275608062,,22.3608398438,0.544169545174,0.0,12.1680879593,0.0,0.0,0,0,0,False,(),,
2021/07/20/11:08:13.642302,12086,1626772095,315936088,,22.3608398438,0.544169545174,0.0,12.1680879593,0.0,0.0,0,0,0,False,(),,
2021/07/20/11:08:13.682489,12087,1626772095,355942964,,22.3608398438,0.544169545174,0.0,12.1680879593,0.0,0.0,0,0,0,False,(),,
2021/07/20/11:08:13.721619,12088,1626772095,395909070,,22.3608398438,0.544169545174,0.0,12.1680879593,0.0,0.0,0,0,0,False,(),,
2021/07/20/11:08:13.766299,12089,1626772095,436752080,,22.3608398438,0.537536501884,0.0,12.0197677612,0.0,0.0,0,0,0,False,(),,
2021/07/20/11:08:13.972977,12090,1626772095,475817918,,22.3824996948,0.537536501884,0.0,12.0314102173,0.0,0.0,0,0,0,False,(),,
2021/07/20/11:08:13.972998,12091,1626772095,515662908,,22.3608398438,0.537536501884,0.0,12.0197677612,0.0,0.0,0,0,0,False,(),,
2021/07/20/11:08:13.973007,12092,1626772095,555708885,,22.3608398438,0.544169545174,0.0,12.1680879593,0.0,0.0,0,0,0,False,(),,
2021/07/20/11:08:13.973014,12093,1626772095,595902919,,22.3824996948,0.537536501884,0.0,12.0314102173,0.0,0.0,0,0,0,False,(),,
2021/07/20/11:08:13.973045,12094,1626772095,635878086,,22.3608398438,0.530903398991,0.0,11.8714466095,0.0,0.0,0,0,0,False,(),,
2021/07/20/11:08:14.002490,12095,1626772095,675996065,,22.3608398438,0.544169545174,0.0,12.1680879593,0.0,0.0,0,0,0,False,(),,
2021/07/20/11:08:14.041499,12096,1626772095,715780019,,22.3824996948,0.537536501884,0.0,12.0314102173,0.0,0.0,0,0,0,False,(),,
2021/07/20/11:08:14.082281,12097,1626772095,755882024,,22.3608398438,0.544169545174,0.0,12.1680879593,0.0,0.0,0,0,0,False,(),,
2021/07/20/11:08:14.124907,12098,1626772095,795753955,,22.3608398438,0.544169545174,0.0,12.1680879593,0.0,0.0,0,0,0,False,(),,
2021/07/20/11:08:14.164646,12099,1626772095,835851907,,22.3824996948,0.550802588463,0.0,12.328338623,0.0,0.0,0,0,0,False,(),,
2021/07/20/11:08:14.202131,12100,1626772095,876136064,,22.3608398438,0.550802588463,0.0,12.316409111,0.0,0.0,0,0,0,False,(),,
2021/07/20/11:08:14.241224,12101,1626772095,915582895,,22.3608398438,0.550802588463,0.0,12.316409111,0.0,0.0,0,0,0,False,(),,
2021/07/20/11:08:14.282000,12102,1626772095,955828905,,22.3608398438,0.544169545174,0.0,12.1680879593,0.0,0.0,0,0,0,False,(),,
2021/07/20/11:08:14.322139,12103,1626772095,995934009,,22.3608398438,0.544169545174,0.0,12.1680879593,0.0,0.0,0,0,0,False,(),,
2021/07/20/11:08:14.361233,12104,1626772096,35744905,,22.3608398438,0.544169545174,0.0,12.1680879593,0.0,0.0,0,0,0,False,(),,
2021/07/20/11:08:14.403093,12105,1626772096,75644016,,22.3608398438,0.544169545174,0.0,12.1680879593,0.0,0.0,0,0,0,False,(),,
2021/07/20/11:08:14.441557,12106,1626772096,115917921,,22.3608398438,0.544169545174,0.0,12.1680879593,0.0,0.0,0,0,0,False,(),,
2021/07/20/11:08:14.484636,12107,1626772096,155960083,,22.3608398438,0.544169545174,0.0,12.1680879593,0.0,0.0,0,0,0,False,(),,
2021/07/20/11:08:14.522136,12108,1626772096,196036100,,22.3608398438,0.544169545174,0.0,12.1680879593,0.0,0.0,0,0,0,False,(),,
2021/07/20/11:08:14.562123,12109,1626772096,235889911,,22.3608398438,0.537536501884,0.0,12.0197677612,0.0,0.0,0,0,0,False,(),,
2021/07/20/11:08:14.601187,12110,1626772096,275952100,,22.3608398438,0.537536501884,0.0,12.0197677612,0.0,0.0,0,0,0,False,(),,
2021/07/20/11:08:14.641285,12111,1626772096,315864086,,22.3608398438,0.537536501884,0.0,12.0197677612,0.0,0.0,0,0,0,False,(),,
2021/07/20/11:08:14.682308,12112,1626772096,355825901,,22.3824996948,0.537536501884,0.0,12.0314102173,0.0,0.0,0,0,0,False,(),,
2021/07/20/11:08:14.724514,12113,1626772096,395936012,,22.3608398438,0.544169545174,0.0,12.1680879593,0.0,0.0,0,0,0,False,(),,
2021/07/20/11:08:14.762371,12114,1626772096,436146020,,22.3608398438,0.544169545174,0.0,12.1680879593,0.0,0.0,0,0,0,False,(),,
2021/07/20/11:08:14.975279,12115,1626772096,476000070,,22.3608398438,0.537536501884,0.0,12.0197677612,0.0,0.0,0,0,0,False,(),,
2021/07/20/11:08:14.975292,12116,1626772096,515892982,,22.3608398438,0.524270355701,0.0,11.7231254578,0.0,0.0,0,0,0,False,(),,
2021/07/20/11:08:14.975320,12117,1626772096,555954933,,22.3608398438,0.530903398991,0.0,11.8714466095,0.0,0.0,0,0,0,False,(),,
2021/07/20/11:08:14.975324,12118,1626772096,595678091,,22.3608398438,0.537536501884,0.0,12.0197677612,0.0,0.0,0,0,0,False,(),,
2021/07/20/11:08:14.975327,12119,1626772096,635876893,,22.3608398438,0.537536501884,0.0,12.0197677612,0.0,0.0,0,0,0,False,(),,
2021/07/20/11:08:15.002384,12120,1626772096,675981044,,22.3608398438,0.544169545174,0.0,12.1680879593,0.0,0.0,0,0,0,False,(),,
2021/07/20/11:08:15.042169,12121,1626772096,715945959,,22.3608398438,0.544169545174,0.0,12.1680879593,0.0,0.0,0,0,0,False,(),,
2021/07/20/11:08:15.081444,12122,1626772096,755992889,,22.3608398438,0.537536501884,0.0,12.0197677612,0.0,0.0,0,0,0,False,(),,
2021/07/20/11:08:15.121583,12123,1626772096,795656919,,22.3608398438,0.530903398991,0.0,11.8714466095,0.0,0.0,0,0,0,False,(),,
2021/07/20/11:08:15.161615,12124,1626772096,836188077,,22.3608398438,0.537536501884,0.0,12.0197677612,0.0,0.0,0,0,0,False,(),,
2021/07/20/11:08:15.202592,12125,1626772096,876252889,,22.3608398438,0.550802588463,0.0,12.316409111,0.0,0.0,0,0,0,False,(),,
2021/07/20/11:08:15.241856,12126,1626772096,916001081,,22.3608398438,0.537536501884,0.0,12.0197677612,0.0,0.0,0,0,0,False,(),,
2021/07/20/11:08:15.282297,12127,1626772096,955869913,,22.3608398438,0.530903398991,0.0,11.8714466095,0.0,0.0,0,0,0,False,(),,
2021/07/20/11:08:15.322459,12128,1626772096,995779037,,22.3608398438,0.537536501884,0.0,12.0197677612,0.0,0.0,0,0,0,False,(),,
2021/07/20/11:08:15.361651,12129,1626772097,36309957,,22.3824996948,0.530903398991,0.0,11.8829460144,0.0,0.0,0,0,0,False,(),,
2021/07/20/11:08:15.406202,12130,1626772097,76025962,,22.3608398438,0.530903398991,0.0,11.8714466095,0.0,0.0,0,0,0,False,(),,
2021/07/20/11:08:15.441809,12131,1626772097,115976095,,22.3608398438,0.537536501884,0.0,12.0197677612,0.0,0.0,0,0,0,False,(),,
2021/07/20/11:08:15.490074,12132,1626772097,155896902,,22.3608398438,0.544169545174,0.0,12.1680879593,0.0,0.0,0,0,0,False,(),,
2021/07/20/11:08:15.522486,12133,1626772097,195837020,,22.3608398438,0.537536501884,0.0,12.0197677612,0.0,0.0,0,0,0,False,(),,
2021/07/20/11:08:15.562223,12134,1626772097,236275911,,22.3608398438,0.530903398991,0.0,11.8714466095,0.0,0.0,0,0,0,False,(),,
2021/07/20/11:08:15.601403,12135,1626772097,275784969,,22.3824996948,0.537536501884,0.0,12.0314102173,0.0,0.0,0,0,0,False,(),,
2021/07/20/11:08:15.643097,12136,1626772097,315768003,,22.3824996948,0.544169545174,0.0,12.1798744202,0.0,0.0,0,0,0,False,(),,
2021/07/20/11:08:15.681922,12137,1626772097,355967998,,22.3824996948,0.537536501884,0.0,12.0314102173,0.0,0.0,0,0,0,False,(),,
2021/07/20/11:08:15.722372,12138,1626772097,396085023,,22.3608398438,0.544169545174,0.0,12.1680879593,0.0,0.0,0,0,0,False,(),,
2021/07/20/11:08:15.763778,12139,1626772097,435710906,,22.3608398438,0.537536501884,0.0,12.0197677612,0.0,0.0,0,0,0,False,(),,
2021/07/20/11:08:15.946696,12140,1626772097,475980043,,22.3608398438,0.530903398991,0.0,11.8714466095,0.0,0.0,0,0,0,False,(),,
2021/07/20/11:08:15.946707,12141,1626772097,515537023,,22.3608398438,0.530903398991,0.0,11.8714466095,0.0,0.0,0,0,0,False,(),,
2021/07/20/11:08:15.946712,12142,1626772097,555651903,,22.3608398438,0.530903398991,0.0,11.8714466095,0.0,0.0,0,0,0,False,(),,
2021/07/20/11:08:15.946729,12143,1626772097,595875978,,22.3824996948,0.530903398991,0.0,11.8829460144,0.0,0.0,0,0,0,False,(),,
2021/07/20/11:08:15.961545,12144,1626772097,635950088,,22.3608398438,0.537536501884,0.0,12.0197677612,0.0,0.0,0,0,0,False,(),,
2021/07/20/11:08:16.002276,12145,1626772097,675993919,,22.3608398438,0.537536501884,0.0,12.0197677612,0.0,0.0,0,0,0,False,(),,
2021/07/20/11:08:16.041727,12146,1626772097,715993881,,22.3824996948,0.537536501884,0.0,12.0314102173,0.0,0.0,0,0,0,False,(),,
2021/07/20/11:08:16.085535,12147,1626772097,755916118,,22.3608398438,0.550802588463,0.0,12.316409111,0.0,0.0,0,0,0,False,(),,
2021/07/20/11:08:16.121584,12148,1626772097,795901060,,22.3608398438,0.530903398991,0.0,11.8714466095,0.0,0.0,0,0,0,False,(),,
2021/07/20/11:08:16.162486,12149,1626772097,835856914,,22.3608398438,0.537536501884,0.0,12.0197677612,0.0,0.0,0,0,0,False,(),,
2021/07/20/11:08:16.201365,12150,1626772097,875751018,,22.3608398438,0.530903398991,0.0,11.8714466095,0.0,0.0,0,0,0,False,(),,
2021/07/20/11:08:16.240731,12151,1626772097,915457010,,22.3608398438,0.530903398991,0.0,11.8714466095,0.0,0.0,0,0,0,False,(),,
2021/07/20/11:08:16.281541,12152,1626772097,955615997,,22.3608398438,0.557435631752,0.0,12.4647302628,0.0,0.0,0,0,0,False,(),,
2021/07/20/11:08:16.338409,12153,1626772097,995858907,,22.3608398438,0.537536501884,0.0,12.0197677612,0.0,0.0,0,0,0,False,(),,
2021/07/20/11:08:16.361238,12154,1626772098,35757064,,22.3608398438,0.537536501884,0.0,12.0197677612,0.0,0.0,0,0,0,False,(),,
2021/07/20/11:08:16.401570,12155,1626772098,75886964,,22.3608398438,0.530903398991,0.0,11.8714466095,0.0,0.0,0,0,0,False,(),,
2021/07/20/11:08:16.441114,12156,1626772098,115653991,,22.3608398438,0.537536501884,0.0,12.0197677612,0.0,0.0,0,0,0,False,(),,
2021/07/20/11:08:16.483111,12157,1626772098,155750036,,22.3608398438,0.544169545174,0.0,12.1680879593,0.0,0.0,0,0,0,False,(),,
2021/07/20/11:08:16.526034,12158,1626772098,196132898,,22.3608398438,0.544169545174,0.0,12.1680879593,0.0,0.0,0,0,0,False,(),,
2021/07/20/11:08:16.562533,12159,1626772098,236076116,,22.3608398438,0.537536501884,0.0,12.0197677612,0.0,0.0,0,0,0,False,(),,
2021/07/20/11:08:16.602991,12160,1626772098,276110887,,22.3608398438,0.530903398991,0.0,11.8714466095,0.0,0.0,0,0,0,False,(),,
2021/07/20/11:08:16.645057,12161,1626772098,315886974,,22.3608398438,0.544169545174,0.0,12.1680879593,0.0,0.0,0,0,0,False,(),,
2021/07/20/11:08:16.684155,12162,1626772098,355969905,,22.3608398438,0.537536501884,0.0,12.0197677612,0.0,0.0,0,0,0,False,(),,
2021/07/20/11:08:16.722669,12163,1626772098,395700931,,22.3608398438,0.537536501884,0.0,12.0197677612,0.0,0.0,0,0,0,False,(),,
2021/07/20/11:08:16.763736,12164,1626772098,435832977,,22.3608398438,0.537536501884,0.0,12.0197677612,0.0,0.0,0,0,0,False,(),,
2021/07/20/11:08:17.185414,12165,1626772098,475899934,,22.3608398438,0.544169545174,0.0,12.1680879593,0.0,0.0,0,0,0,False,(),,
2021/07/20/11:08:17.185430,12166,1626772098,515871047,,22.3608398438,0.537536501884,0.0,12.0197677612,0.0,0.0,0,0,0,False,(),,
2021/07/20/11:08:17.185451,12167,1626772098,556010007,,22.3608398438,0.537536501884,0.0,12.0197677612,0.0,0.0,0,0,0,False,(),,
2021/07/20/11:08:17.185462,12168,1626772098,595738887,,22.3608398438,0.564068734646,0.0,12.6130504608,0.0,0.0,0,0,0,False,(),,
2021/07/20/11:08:17.185469,12169,1626772098,635736942,,22.3608398438,0.537536501884,0.0,12.0197677612,0.0,0.0,0,0,0,False,(),,
2021/07/20/11:08:17.218543,12170,1626772098,675932884,,22.3608398438,0.544169545174,0.0,12.1680879593,0.0,0.0,0,0,0,False,(),,
2021/07/20/11:08:17.218553,12171,1626772098,715646982,,22.3608398438,0.557435631752,0.0,12.4647302628,0.0,0.0,0,0,0,False,(),,
2021/07/20/11:08:17.218559,12172,1626772098,755769968,,22.3608398438,0.583967924118,0.0,13.0580129623,0.0,0.0,0,0,0,False,(),,
2021/07/20/11:08:17.218573,12173,1626772098,795945882,,22.3608398438,0.590600967407,0.0,13.2063341141,0.0,0.0,0,0,0,False,(),,
2021/07/20/11:08:17.218598,12174,1626772098,835689067,,22.3608398438,0.557435631752,0.0,12.4647302628,0.0,0.0,0,0,0,False,(),,
2021/07/20/11:08:17.218604,12175,1626772098,875979900,,22.3608398438,0.544169545174,0.0,12.1680879593,0.0,0.0,0,0,0,False,(),,
2021/07/20/11:08:17.243521,12176,1626772098,915911912,,22.3608398438,0.557435631752,0.0,12.4647302628,0.0,0.0,0,0,0,False,(),,
2021/07/20/11:08:17.281890,12177,1626772098,955913066,,22.3824996948,0.537536501884,0.0,12.0314102173,0.0,0.0,0,0,0,False,(),,
2021/07/20/11:08:17.322922,12178,1626772098,995767116,,22.3608398438,0.537536501884,0.0,12.0197677612,0.0,0.0,0,0,0,False,(),,
2021/07/20/11:08:17.362432,12179,1626772099,35780906,,22.3608398438,0.530903398991,0.0,11.8714466095,0.0,0.0,0,0,0,False,(),,
2021/07/20/11:08:17.402757,12180,1626772099,75983047,,22.3824996948,0.537536501884,0.0,12.0314102173,0.0,0.0,0,0,0,False,(),,
2021/07/20/11:08:17.441898,12181,1626772099,115905046,,22.3608398438,0.544169545174,0.0,12.1680879593,0.0,0.0,0,0,0,False,(),,
2021/07/20/11:08:17.482924,12182,1626772099,155725955,,22.3608398438,0.544169545174,0.0,12.1680879593,0.0,0.0,0,0,0,False,(),,
2021/07/20/11:08:17.521747,12183,1626772099,195966958,,22.3608398438,0.544169545174,0.0,12.1680879593,0.0,0.0,0,0,0,False,(),,
2021/07/20/11:08:17.562002,12184,1626772099,236073970,,22.3608398438,0.550802588463,0.0,12.316409111,0.0,0.0,0,0,0,False,(),,
2021/07/20/11:08:17.601565,12185,1626772099,276140928,,22.3608398438,0.537536501884,0.0,12.0197677612,0.0,0.0,0,0,0,False,(),,
2021/07/20/11:08:17.650385,12186,1626772099,316217899,,22.3608398438,0.537536501884,0.0,12.0197677612,0.0,0.0,0,0,0,False,(),,
2021/07/20/11:08:17.682058,12187,1626772099,355776071,,22.3608398438,0.544169545174,0.0,12.1680879593,0.0,0.0,0,0,0,False,(),,
2021/07/20/11:08:17.721798,12188,1626772099,395920991,,22.3608398438,0.550802588463,0.0,12.316409111,0.0,0.0,0,0,0,False,(),,
2021/07/20/11:08:17.762444,12189,1626772099,435648918,,22.3608398438,0.537536501884,0.0,12.0197677612,0.0,0.0,0,0,0,False,(),,
2021/07/20/11:08:17.969274,12190,1626772099,475799083,,22.3608398438,0.530903398991,0.0,11.8714466095,0.0,0.0,0,0,0,False,(),,
2021/07/20/11:08:17.969284,12191,1626772099,516453981,,22.3608398438,0.537536501884,0.0,12.0197677612,0.0,0.0,0,0,0,False,(),,
2021/07/20/11:08:17.969292,12192,1626772099,555872917,,22.3608398438,0.544169545174,0.0,12.1680879593,0.0,0.0,0,0,0,False,(),,
2021/07/20/11:08:17.969298,12193,1626772099,595827102,,22.3608398438,0.544169545174,0.0,12.1680879593,0.0,0.0,0,0,0,False,(),,
2021/07/20/11:08:17.969302,12194,1626772099,635561943,,22.3608398438,0.537536501884,0.0,12.0197677612,0.0,0.0,0,0,0,False,(),,
2021/07/20/11:08:18.002482,12195,1626772099,676079988,,22.3608398438,0.544169545174,0.0,12.1680879593,0.0,0.0,0,0,0,False,(),,
2021/07/20/11:08:18.041999,12196,1626772099,716078996,,22.3608398438,0.557435631752,0.0,12.4647302628,0.0,0.0,0,0,0,False,(),,
2021/07/20/11:08:18.081710,12197,1626772099,756091117,,22.3608398438,0.544169545174,0.0,12.1680879593,0.0,0.0,0,0,0,False,(),,
2021/07/20/11:08:18.121805,12198,1626772099,795864105,,22.3608398438,0.544169545174,0.0,12.1680879593,0.0,0.0,0,0,0,False,(),,
2021/07/20/11:08:18.161947,12199,1626772099,835923910,,22.3608398438,0.544169545174,0.0,12.1680879593,0.0,0.0,0,0,0,False,(),,
2021/07/20/11:08:18.201870,12200,1626772099,876003026,,22.3608398438,0.550802588463,0.0,12.316409111,0.0,0.0,0,0,0,False,(),,
2021/07/20/11:08:18.241542,12201,1626772099,915961980,,22.3608398438,0.557435631752,0.0,12.4647302628,0.0,0.0,0,0,0,False,(),,
2021/07/20/11:08:18.282862,12202,1626772099,956629037,,22.3608398438,0.557435631752,0.0,12.4647302628,0.0,0.0,0,0,0,False,(),,
2021/07/20/11:08:18.323388,12203,1626772099,995922088,,22.3608398438,0.544169545174,0.0,12.1680879593,0.0,0.0,0,0,0,False,(),,
2021/07/20/11:08:18.362074,12204,1626772100,35742044,,22.3608398438,0.544169545174,0.0,12.1680879593,0.0,0.0,0,0,0,False,(),,
2021/07/20/11:08:18.405147,12205,1626772100,75736999,,22.3608398438,0.544169545174,0.0,12.1680879593,0.0,0.0,0,0,0,False,(),,
2021/07/20/11:08:18.441172,12206,1626772100,115988016,,22.3608398438,0.544169545174,0.0,12.1680879593,0.0,0.0,0,0,0,False,(),,
2021/07/20/11:08:18.482215,12207,1626772100,155741930,,22.3608398438,0.544169545174,0.0,12.1680879593,0.0,0.0,0,0,0,False,(),,
2021/07/20/11:08:18.522007,12208,1626772100,195899009,,22.3824996948,0.550802588463,0.0,12.328338623,0.0,0.0,0,0,0,False,(),,
2021/07/20/11:08:18.573510,12209,1626772100,235820055,,22.3608398438,0.544169545174,0.0,12.1680879593,0.0,0.0,0,0,0,False,(),,
2021/07/20/11:08:18.602544,12210,1626772100,275975942,,22.3608398438,0.557435631752,0.0,12.4647302628,0.0,0.0,0,0,0,False,(),,
2021/07/20/11:08:18.641857,12211,1626772100,315936088,,22.3608398438,0.544169545174,0.0,12.1680879593,0.0,0.0,0,0,0,False,(),,
2021/07/20/11:08:18.683014,12212,1626772100,355933904,,22.3608398438,0.537536501884,0.0,12.0197677612,0.0,0.0,0,0,0,False,(),,
2021/07/20/11:08:18.721816,12213,1626772100,395694017,,22.3608398438,0.550802588463,0.0,12.316409111,0.0,0.0,0,0,0,False,(),,
2021/07/20/11:08:18.763639,12214,1626772100,436777114,,22.3608398438,0.550802588463,0.0,12.316409111,0.0,0.0,0,0,0,False,(),,
2021/07/20/11:08:18.965247,12215,1626772100,475959062,,22.3608398438,0.544169545174,0.0,12.1680879593,0.0,0.0,0,0,0,False,(),,
2021/07/20/11:08:18.965273,12216,1626772100,515777111,,22.3608398438,0.537536501884,0.0,12.0197677612,0.0,0.0,0,0,0,False,(),,
2021/07/20/11:08:18.965283,12217,1626772100,555695056,,22.3824996948,0.537536501884,0.0,12.0314102173,0.0,0.0,0,0,0,False,(),,
2021/07/20/11:08:18.965288,12218,1626772100,596165895,,22.3608398438,0.537536501884,0.0,12.0197677612,0.0,0.0,0,0,0,False,(),,
2021/07/20/11:08:18.967560,12219,1626772100,636259078,,22.3608398438,0.544169545174,0.0,12.1680879593,0.0,0.0,0,0,0,False,(),,
2021/07/20/11:08:19.019961,12220,1626772100,675966978,,22.3608398438,0.550802588463,0.0,12.316409111,0.0,0.0,0,0,0,False,(),,
2021/07/20/11:08:19.041978,12221,1626772100,716000080,,22.3608398438,0.544169545174,0.0,12.1680879593,0.0,0.0,0,0,0,False,(),,
2021/07/20/11:08:19.081209,12222,1626772100,755603075,,22.3608398438,0.550802588463,0.0,12.316409111,0.0,0.0,0,0,0,False,(),,
2021/07/20/11:08:19.121712,12223,1626772100,795984983,,22.3824996948,0.544169545174,0.0,12.1798744202,0.0,0.0,0,0,0,False,(),,
2021/07/20/11:08:19.161397,12224,1626772100,835843086,,22.3824996948,0.544169545174,0.0,12.1798744202,0.0,0.0,0,0,0,False,(),,
2021/07/20/11:08:19.202919,12225,1626772100,875849008,,22.3608398438,0.550802588463,0.0,12.316409111,0.0,0.0,0,0,0,False,(),,
2021/07/20/11:08:19.244662,12226,1626772100,915885925,,22.3608398438,0.537536501884,0.0,12.0197677612,0.0,0.0,0,0,0,False,(),,
2021/07/20/11:08:19.302411,12227,1626772100,956079959,,22.3608398438,0.537536501884,0.0,12.0197677612,0.0,0.0,0,0,0,False,(),,
2021/07/20/11:08:19.322104,12228,1626772100,995894908,,22.3608398438,0.544169545174,0.0,12.1680879593,0.0,0.0,0,0,0,False,(),,
2021/07/20/11:08:19.362447,12229,1626772101,35847902,,22.3608398438,0.544169545174,0.0,12.1680879593,0.0,0.0,0,0,0,False,(),,
2021/07/20/11:08:19.403323,12230,1626772101,75964927,,22.3608398438,0.537536501884,0.0,12.0197677612,0.0,0.0,0,0,0,False,(),,
2021/07/20/11:08:19.444871,12231,1626772101,116173982,,22.3824996948,0.537536501884,0.0,12.0314102173,0.0,0.0,0,0,0,False,(),,
2021/07/20/11:08:19.481618,12232,1626772101,155905961,,22.3824996948,0.544169545174,0.0,12.1798744202,0.0,0.0,0,0,0,False,(),,
2021/07/20/11:08:19.522610,12233,1626772101,195987939,,22.3608398438,0.544169545174,0.0,12.1680879593,0.0,0.0,0,0,0,False,(),,
2021/07/20/11:08:19.563057,12234,1626772101,235979080,,22.3824996948,0.537536501884,0.0,12.0314102173,0.0,0.0,0,0,0,False,(),,
2021/07/20/11:08:19.607358,12235,1626772101,275815010,,22.3608398438,0.544169545174,0.0,12.1680879593,0.0,0.0,0,0,0,False,(),,
2021/07/20/11:08:19.641612,12236,1626772101,315630912,,22.3608398438,0.544169545174,0.0,12.1680879593,0.0,0.0,0,0,0,False,(),,
2021/07/20/11:08:19.681572,12237,1626772101,355824947,,22.3824996948,0.544169545174,0.0,12.1798744202,0.0,0.0,0,0,0,False,(),,
2021/07/20/11:08:19.722331,12238,1626772101,395983934,,22.3608398438,0.544169545174,0.0,12.1680879593,0.0,0.0,0,0,0,False,(),,
2021/07/20/11:08:19.761625,12239,1626772101,435755014,,22.3608398438,0.550802588463,0.0,12.316409111,0.0,0.0,0,0,0,False,(),,
2021/07/20/11:08:19.971910,12240,1626772101,476286888,,22.3608398438,0.544169545174,0.0,12.1680879593,0.0,0.0,0,0,0,False,(),,
2021/07/20/11:08:19.971923,12241,1626772101,516026973,,22.3608398438,0.544169545174,0.0,12.1680879593,0.0,0.0,0,0,0,False,(),,
2021/07/20/11:08:19.971927,12242,1626772101,555686950,,22.3608398438,0.530903398991,0.0,11.8714466095,0.0,0.0,0,0,0,False,(),,
2021/07/20/11:08:19.971948,12243,1626772101,595941066,,22.3608398438,0.530903398991,0.0,11.8714466095,0.0,0.0,0,0,0,False,(),,
2021/07/20/11:08:19.971953,12244,1626772101,635637998,,22.3608398438,0.530903398991,0.0,11.8714466095,0.0,0.0,0,0,0,False,(),,
2021/07/20/11:08:20.001075,12245,1626772101,675642013,,22.3608398438,0.537536501884,0.0,12.0197677612,0.0,0.0,0,0,0,False,(),,
2021/07/20/11:08:20.041293,12246,1626772101,715770006,,22.3608398438,0.537536501884,0.0,12.0197677612,0.0,0.0,0,0,0,False,(),,
2021/07/20/11:08:20.081409,12247,1626772101,755949974,,22.3608398438,0.544169545174,0.0,12.1680879593,0.0,0.0,0,0,0,False,(),,
2021/07/20/11:08:20.121759,12248,1626772101,796044111,,22.3608398438,0.544169545174,0.0,12.1680879593,0.0,0.0,0,0,0,False,(),,
2021/07/20/11:08:20.162312,12249,1626772101,835998058,,22.3824996948,0.544169545174,0.0,12.1798744202,0.0,0.0,0,0,0,False,(),,
2021/07/20/11:08:20.202468,12250,1626772101,875745058,,22.3608398438,0.537536501884,0.0,12.0197677612,0.0,0.0,0,0,0,False,(),,
2021/07/20/11:08:20.241186,12251,1626772101,915678977,,22.3608398438,0.537536501884,0.0,12.0197677612,0.0,0.0,0,0,0,False,(),,
2021/07/20/11:08:20.282503,12252,1626772101,955969095,,22.3608398438,0.544169545174,0.0,12.1680879593,0.0,0.0,0,0,0,False,(),,
2021/07/20/11:08:20.322359,12253,1626772101,995847940,,22.3608398438,0.537536501884,0.0,12.0197677612,0.0,0.0,0,0,0,False,(),,
2021/07/20/11:08:20.361652,12254,1626772102,35749912,,22.3608398438,0.537536501884,0.0,12.0197677612,0.0,0.0,0,0,0,False,(),,
2021/07/20/11:08:20.401330,12255,1626772102,76013088,,22.3608398438,0.537536501884,0.0,12.0197677612,0.0,0.0,0,0,0,False,(),,
2021/07/20/11:08:20.441185,12256,1626772102,115679025,,22.3608398438,0.544169545174,0.0,12.1680879593,0.0,0.0,0,0,0,False,(),,
2021/07/20/11:08:20.482462,12257,1626772102,155966043,,22.3608398438,0.537536501884,0.0,12.0197677612,0.0,0.0,0,0,0,False,(),,
2021/07/20/11:08:20.534283,12258,1626772102,196245908,,22.3608398438,0.530903398991,0.0,11.8714466095,0.0,0.0,0,0,0,False,(),,
2021/07/20/11:08:20.562888,12259,1626772102,236506938,,22.3608398438,0.537536501884,0.0,12.0197677612,0.0,0.0,0,0,0,False,(),,
2021/07/20/11:08:20.604979,12260,1626772102,275916099,,22.3608398438,0.537536501884,0.0,12.0197677612,0.0,0.0,0,0,0,False,(),,
2021/07/20/11:08:20.646727,12261,1626772102,315603017,,22.3824996948,0.537536501884,0.0,12.0314102173,0.0,0.0,0,0,0,False,(),,
2021/07/20/11:08:20.682713,12262,1626772102,356208086,,22.3608398438,0.544169545174,0.0,12.1680879593,0.0,0.0,0,0,0,False,(),,
2021/07/20/11:08:20.731756,12263,1626772102,396158933,,22.3608398438,0.537536501884,0.0,12.0197677612,0.0,0.0,0,0,0,False,(),,
2021/07/20/11:08:20.761539,12264,1626772102,435724973,,22.3608398438,0.544169545174,0.0,12.1680879593,0.0,0.0,0,0,0,False,(),,
2021/07/20/11:08:20.955529,12265,1626772102,475770950,,22.3608398438,0.524270355701,0.0,11.7231254578,0.0,0.0,0,0,0,False,(),,
2021/07/20/11:08:20.955541,12266,1626772102,516112089,,22.3608398438,0.530903398991,0.0,11.8714466095,0.0,0.0,0,0,0,False,(),,
2021/07/20/11:08:20.955545,12267,1626772102,555613994,,22.3608398438,0.530903398991,0.0,11.8714466095,0.0,0.0,0,0,0,False,(),,
2021/07/20/11:08:20.955548,12268,1626772102,596242904,,22.3608398438,0.537536501884,0.0,12.0197677612,0.0,0.0,0,0,0,False,(),,
2021/07/20/11:08:20.962494,12269,1626772102,636002063,,22.3608398438,0.530903398991,0.0,11.8714466095,0.0,0.0,0,0,0,False,(),,
2021/07/20/11:08:21.000953,12270,1626772102,675600051,,22.3608398438,0.544169545174,0.0,12.1680879593,0.0,0.0,0,0,0,False,(),,
2021/07/20/11:08:21.041253,12271,1626772102,715768098,,22.3824996948,0.530903398991,0.0,11.8829460144,0.0,0.0,0,0,0,False,(),,
2021/07/20/11:08:21.081249,12272,1626772102,755637884,,22.3608398438,0.537536501884,0.0,12.0197677612,0.0,0.0,0,0,0,False,(),,
2021/07/20/11:08:21.122658,12273,1626772102,795983076,,22.3824996948,0.537536501884,0.0,12.0314102173,0.0,0.0,0,0,0,False,(),,
2021/07/20/11:08:21.161914,12274,1626772102,835895061,,22.3608398438,0.544169545174,0.0,12.1680879593,0.0,0.0,0,0,0,False,(),,
2021/07/20/11:08:21.201642,12275,1626772102,875763893,,22.3608398438,0.550802588463,0.0,12.316409111,0.0,0.0,0,0,0,False,(),,
2021/07/20/11:08:21.247483,12276,1626772102,916301965,,22.3608398438,0.544169545174,0.0,12.1680879593,0.0,0.0,0,0,0,False,(),,
2021/07/20/11:08:21.281440,12277,1626772102,955589056,,22.3608398438,0.544169545174,0.0,12.1680879593,0.0,0.0,0,0,0,False,(),,
2021/07/20/11:08:21.323444,12278,1626772102,996876955,,22.3608398438,0.544169545174,0.0,12.1680879593,0.0,0.0,0,0,0,False,(),,
2021/07/20/11:08:21.361921,12279,1626772103,35887956,,22.3824996948,0.544169545174,0.0,12.1798744202,0.0,0.0,0,0,0,False,(),,
2021/07/20/11:08:21.402351,12280,1626772103,75957059,,22.3608398438,0.537536501884,0.0,12.0197677612,0.0,0.0,0,0,0,False,(),,
2021/07/20/11:08:21.449577,12281,1626772103,115849971,,22.3608398438,0.544169545174,0.0,12.1680879593,0.0,0.0,0,0,0,False,(),,
2021/07/20/11:08:21.482597,12282,1626772103,155772924,,22.3608398438,0.537536501884,0.0,12.0197677612,0.0,0.0,0,0,0,False,(),,
2021/07/20/11:08:21.525119,12283,1626772103,196012020,,22.3608398438,0.530903398991,0.0,11.8714466095,0.0,0.0,0,0,0,False,(),,
2021/07/20/11:08:21.561573,12284,1626772103,235610961,,22.3608398438,0.544169545174,0.0,12.1680879593,0.0,0.0,0,0,0,False,(),,
2021/07/20/11:08:21.601976,12285,1626772103,276516914,,22.3824996948,0.537536501884,0.0,12.0314102173,0.0,0.0,0,0,0,False,(),,
2021/07/20/11:08:21.656446,12286,1626772103,315982103,,22.3608398438,0.537536501884,0.0,12.0197677612,0.0,0.0,0,0,0,False,(),,
2021/07/20/11:08:21.681411,12287,1626772103,355896949,,22.3608398438,0.544169545174,0.0,12.1680879593,0.0,0.0,0,0,0,False,(),,
2021/07/20/11:08:21.722506,12288,1626772103,396182060,,22.3608398438,0.544169545174,0.0,12.1680879593,0.0,0.0,0,0,0,False,(),,
2021/07/20/11:08:21.761629,12289,1626772103,435587882,,22.3608398438,0.537536501884,0.0,12.0197677612,0.0,0.0,0,0,0,False,(),,
2021/07/20/11:08:21.972678,12290,1626772103,475765943,,22.3608398438,0.537536501884,0.0,12.0197677612,0.0,0.0,0,0,0,False,(),,
2021/07/20/11:08:21.972706,12291,1626772103,515999078,,22.3608398438,0.537536501884,0.0,12.0197677612,0.0,0.0,0,0,0,False,(),,
2021/07/20/11:08:21.972717,12292,1626772103,555901050,,22.3608398438,0.537536501884,0.0,12.0197677612,0.0,0.0,0,0,0,False,(),,
2021/07/20/11:08:21.972727,12293,1626772103,596081972,,22.3608398438,0.544169545174,0.0,12.1680879593,0.0,0.0,0,0,0,False,(),,
2021/07/20/11:08:21.972735,12294,1626772103,635720014,,22.3608398438,0.537536501884,0.0,12.0197677612,0.0,0.0,0,0,0,False,(),,
2021/07/20/11:08:22.003462,12295,1626772103,675929069,,22.3608398438,0.544169545174,0.0,12.1680879593,0.0,0.0,0,0,0,False,(),,
2021/07/20/11:08:22.041853,12296,1626772103,715750932,,22.3608398438,0.484472006559,0.0,10.8332014084,0.0,0.0,0,0,0,False,(),,
2021/07/20/11:08:22.081905,12297,1626772103,755969047,,22.3824996948,0.325278580189,0.0,7.28054761887,0.0,0.0,0,0,0,False,(),,
2021/07/20/11:08:22.121896,12298,1626772103,795911073,,22.3824996948,0.3186455369,0.0,7.13208341599,0.0,0.0,0,0,0,False,(),,
2021/07/20/11:08:22.168556,12299,1626772103,835769891,,22.3824996948,0.325278580189,0.0,7.28054761887,0.0,0.0,0,0,0,False,(),,
2021/07/20/11:08:22.201581,12300,1626772103,875885009,,22.3608398438,0.312012463808,0.0,6.97686100006,0.0,0.0,0,0,0,False,(),,
2021/07/20/11:08:22.242361,12301,1626772103,915842056,,22.3824996948,0.325278580189,0.0,7.28054761887,0.0,0.0,0,0,0,False,(),,
2021/07/20/11:08:22.281613,12302,1626772103,955590963,,22.3608398438,0.3186455369,0.0,7.12518167496,0.0,0.0,0,0,0,False,(),,
2021/07/20/11:08:22.321454,12303,1626772103,995615005,,22.3824996948,0.3186455369,0.0,7.13208341599,0.0,0.0,0,0,0,False,(),,
2021/07/20/11:08:22.362905,12304,1626772104,35835981,,22.3824996948,0.325278580189,0.0,7.28054761887,0.0,0.0,0,0,0,False,(),,
2021/07/20/11:08:22.402694,12305,1626772104,75980901,,22.3824996948,0.3186455369,0.0,7.13208341599,0.0,0.0,0,0,0,False,(),,
2021/07/20/11:08:22.442157,12306,1626772104,115900039,,22.3608398438,0.325278580189,0.0,7.27350282669,0.0,0.0,0,0,0,False,(),,
2021/07/20/11:08:22.482387,12307,1626772104,155930995,,22.3608398438,0.325278580189,0.0,7.27350282669,0.0,0.0,0,0,0,False,(),,
2021/07/20/11:08:22.522110,12308,1626772104,195981979,,22.3824996948,0.325278580189,0.0,7.28054761887,0.0,0.0,0,0,0,False,(),,
2021/07/20/11:08:22.561826,12309,1626772104,236144065,,22.3824996948,0.325278580189,0.0,7.28054761887,0.0,0.0,0,0,0,False,(),,
2021/07/20/11:08:22.601817,12310,1626772104,275913953,,22.3824996948,0.3186455369,0.0,7.13208341599,0.0,0.0,0,0,0,False,(),,
2021/07/20/11:08:22.641318,12311,1626772104,315742015,,22.3608398438,0.3186455369,0.0,7.12518167496,0.0,0.0,0,0,0,False,(),,
2021/07/20/11:08:22.682187,12312,1626772104,355633974,,22.3824996948,0.3186455369,0.0,7.13208341599,0.0,0.0,0,0,0,False,(),,
2021/07/20/11:08:22.722172,12313,1626772104,396210908,,22.3608398438,0.3186455369,0.0,7.12518167496,0.0,0.0,0,0,0,False,(),,
2021/07/20/11:08:23.003582,12314,1626772104,436151981,,22.3608398438,0.325278580189,0.0,7.27350282669,0.0,0.0,0,0,0,False,(),,
2021/07/20/11:08:23.003593,12315,1626772104,475956916,,22.3824996948,0.312012463808,0.0,6.98361873627,0.0,0.0,0,0,0,False,(),,
2021/07/20/11:08:23.003597,12316,1626772104,515609025,,22.3608398438,0.312012463808,0.0,6.97686100006,0.0,0.0,0,0,0,False,(),,
2021/07/20/11:08:23.003604,12317,1626772104,555932998,,22.3608398438,0.312012463808,0.0,6.97686100006,0.0,0.0,0,0,0,False,(),,
2021/07/20/11:08:23.003609,12318,1626772104,596307992,,22.3824996948,0.312012463808,0.0,6.98361873627,0.0,0.0,0,0,0,False,(),,
2021/07/20/11:08:23.003629,12319,1626772104,635823011,,22.3824996948,0.3186455369,0.0,7.13208341599,0.0,0.0,0,0,0,False,(),,
2021/07/20/11:08:23.005164,12320,1626772104,675988912,,22.3824996948,0.325278580189,0.0,7.28054761887,0.0,0.0,0,0,0,False,(),,
2021/07/20/11:08:23.041322,12321,1626772104,716010093,,22.3824996948,0.325278580189,0.0,7.28054761887,0.0,0.0,0,0,0,False,(),,
2021/07/20/11:08:23.086123,12322,1626772104,755769968,,22.3824996948,0.325278580189,0.0,7.28054761887,0.0,0.0,0,0,0,False,(),,
2021/07/20/11:08:23.122176,12323,1626772104,796001911,,22.3824996948,0.3186455369,0.0,7.13208341599,0.0,0.0,0,0,0,False,(),,
2021/07/20/11:08:23.162863,12324,1626772104,835694074,,22.3608398438,0.511004269123,0.0,11.426484108,0.0,0.0,0,0,0,False,(),,
2021/07/20/11:08:23.201995,12325,1626772104,875698089,,22.3608398438,0.530903398991,0.0,11.8714466095,0.0,0.0,0,0,0,False,(),,
2021/07/20/11:08:23.244472,12326,1626772104,916229963,,22.3608398438,0.557435631752,0.0,12.4647302628,0.0,0.0,0,0,0,False,(),,
2021/07/20/11:08:23.359168,12327,1626772104,955777883,,22.3608398438,0.557435631752,0.0,12.4647302628,0.0,0.0,0,0,0,False,(),,
2021/07/20/11:08:23.359181,12328,1626772104,995959043,,22.3608398438,0.550802588463,0.0,12.316409111,0.0,0.0,0,0,0,False,(),,
2021/07/20/11:08:23.361353,12329,1626772105,35923957,,22.3608398438,0.570701777935,0.0,12.7613716125,0.0,0.0,0,0,0,False,(),,
2021/07/20/11:08:23.403551,12330,1626772105,75716972,,22.3608398438,0.570701777935,0.0,12.7613716125,0.0,0.0,0,0,0,False,(),,
2021/07/20/11:08:23.443342,12331,1626772105,116040945,,22.3608398438,0.564068734646,0.0,12.6130504608,0.0,0.0,0,0,0,False,(),,
2021/07/20/11:08:23.491994,12332,1626772105,155894994,,22.3608398438,0.564068734646,0.0,12.6130504608,0.0,0.0,0,0,0,False,(),,
2021/07/20/11:08:23.712124,12333,1626772105,195991039,,22.3608398438,0.564068734646,0.0,12.6130504608,0.0,0.0,0,0,0,False,(),,
2021/07/20/11:08:23.712132,12334,1626772105,235913991,,22.3608398438,0.557435631752,0.0,12.4647302628,0.0,0.0,0,0,0,False,(),,
2021/07/20/11:08:23.712145,12335,1626772105,275713920,,22.3608398438,0.557435631752,0.0,12.4647302628,0.0,0.0,0,0,0,False,(),,
2021/07/20/11:08:23.712152,12336,1626772105,315908908,,22.3608398438,0.557435631752,0.0,12.4647302628,0.0,0.0,0,0,0,False,(),,
2021/07/20/11:08:23.712159,12337,1626772105,355613946,,22.3608398438,0.550802588463,0.0,12.316409111,0.0,0.0,0,0,0,False,(),,
2021/07/20/11:08:23.727203,12338,1626772105,395761013,,22.3608398438,0.583967924118,0.0,13.0580129623,0.0,0.0,0,0,0,False,(),,
2021/07/20/11:08:23.762197,12339,1626772105,435762882,,22.3608398438,0.570701777935,0.0,12.7613716125,0.0,0.0,0,0,0,False,(),,
2021/07/20/11:08:23.984839,12340,1626772105,476018905,,22.3608398438,0.550802588463,0.0,12.316409111,0.0,0.0,0,0,0,False,(),,
2021/07/20/11:08:23.984860,12341,1626772105,515752077,,22.3608398438,0.557435631752,0.0,12.4647302628,0.0,0.0,0,0,0,False,(),,
2021/07/20/11:08:23.984897,12342,1626772105,555931091,,22.3824996948,0.550802588463,0.0,12.328338623,0.0,0.0,0,0,0,False,(),,
2021/07/20/11:08:23.984906,12343,1626772105,595743894,,22.3608398438,0.557435631752,0.0,12.4647302628,0.0,0.0,0,0,0,False,(),,
2021/07/20/11:08:23.984926,12344,1626772105,635694026,,22.3824996948,0.557435631752,0.0,12.4768037796,0.0,0.0,0,0,0,False,(),,
2021/07/20/11:08:24.008577,12345,1626772105,675661087,,22.3608398438,0.550802588463,0.0,12.316409111,0.0,0.0,0,0,0,False,(),,
2021/07/20/11:08:24.041578,12346,1626772105,715971946,,22.3608398438,0.564068734646,0.0,12.6130504608,0.0,0.0,0,0,0,False,(),,
2021/07/20/11:08:24.088321,12347,1626772105,755892992,,22.3608398438,0.564068734646,0.0,12.6130504608,0.0,0.0,0,0,0,False,(),,
2021/07/20/11:08:24.125838,12348,1626772105,795924901,,22.3824996948,0.564068734646,0.0,12.6252679825,0.0,0.0,0,0,0,False,(),,
2021/07/20/11:08:24.161797,12349,1626772105,836059093,,22.3608398438,0.564068734646,0.0,12.6130504608,0.0,0.0,0,0,0,False,(),,
2021/07/20/11:08:24.202266,12350,1626772105,875927925,,22.3608398438,0.557435631752,0.0,12.4647302628,0.0,0.0,0,0,0,False,(),,
2021/07/20/11:08:24.240788,12351,1626772105,915473937,,22.3608398438,0.557435631752,0.0,12.4647302628,0.0,0.0,0,0,0,False,(),,
2021/07/20/11:08:24.281611,12352,1626772105,955643892,,22.3608398438,0.550802588463,0.0,12.316409111,0.0,0.0,0,0,0,False,(),,
2021/07/20/11:08:24.321842,12353,1626772105,995992898,,22.3608398438,0.557435631752,0.0,12.4647302628,0.0,0.0,0,0,0,False,(),,
2021/07/20/11:08:24.363082,12354,1626772106,35717010,,22.3608398438,0.557435631752,0.0,12.4647302628,0.0,0.0,0,0,0,False,(),,
2021/07/20/11:08:24.403848,12355,1626772106,75941085,,22.3824996948,0.550802588463,0.0,12.328338623,0.0,0.0,0,0,0,False,(),,
2021/07/20/11:08:24.442543,12356,1626772106,115636110,,22.3824996948,0.564068734646,0.0,12.6252679825,0.0,0.0,0,0,0,False,(),,
2021/07/20/11:08:24.482615,12357,1626772106,155906915,,22.3608398438,0.550802588463,0.0,12.316409111,0.0,0.0,0,0,0,False,(),,
2021/07/20/11:08:24.522489,12358,1626772106,196008920,,22.3608398438,0.550802588463,0.0,12.316409111,0.0,0.0,0,0,0,False,(),,
2021/07/20/11:08:24.562787,12359,1626772106,235774993,,22.3608398438,0.544169545174,0.0,12.1680879593,0.0,0.0,0,0,0,False,(),,
2021/07/20/11:08:24.601946,12360,1626772106,276835918,,22.3608398438,0.550802588463,0.0,12.316409111,0.0,0.0,0,0,0,False,(),,
2021/07/20/11:08:24.642192,12361,1626772106,315607070,,22.3608398438,0.550802588463,0.0,12.316409111,0.0,0.0,0,0,0,False,(),,
2021/07/20/11:08:24.998739,12362,1626772106,356139898,,22.3608398438,0.557435631752,0.0,12.4647302628,0.0,0.0,0,0,0,False,(),,
2021/07/20/11:08:24.998757,12363,1626772106,395909070,,22.3824996948,0.557435631752,0.0,12.4768037796,0.0,0.0,0,0,0,False,(),,
2021/07/20/11:08:24.998764,12364,1626772106,435472965,,22.3824996948,0.557435631752,0.0,12.4768037796,0.0,0.0,0,0,0,False,(),,
2021/07/20/11:08:24.998770,12365,1626772106,475759983,,22.3608398438,0.544169545174,0.0,12.1680879593,0.0,0.0,0,0,0,False,(),,
2021/07/20/11:08:24.998776,12366,1626772106,516005992,,22.3608398438,0.550802588463,0.0,12.316409111,0.0,0.0,0,0,0,False,(),,
2021/07/20/11:08:24.998783,12367,1626772106,555825948,,22.3608398438,0.557435631752,0.0,12.4647302628,0.0,0.0,0,0,0,False,(),,
2021/07/20/11:08:25.000594,12368,1626772106,596012115,,22.3608398438,0.550802588463,0.0,12.316409111,0.0,0.0,0,0,0,False,(),,
2021/07/20/11:08:25.000608,12369,1626772106,635390996,,22.3608398438,0.537536501884,0.0,12.0197677612,0.0,0.0,0,0,0,False,(),,
2021/07/20/11:08:25.002087,12370,1626772106,675772905,,22.3608398438,0.550802588463,0.0,12.316409111,0.0,0.0,0,0,0,False,(),,
2021/07/20/11:08:25.043013,12371,1626772106,716217994,,22.3608398438,0.564068734646,0.0,12.6130504608,0.0,0.0,0,0,0,False,(),,
2021/07/20/11:08:25.081995,12372,1626772106,755980968,,22.3608398438,0.557435631752,0.0,12.4647302628,0.0,0.0,0,0,0,False,(),,
2021/07/20/11:08:25.122173,12373,1626772106,795933008,,22.3608398438,0.557435631752,0.0,12.4647302628,0.0,0.0,0,0,0,False,(),,
2021/07/20/11:08:25.161705,12374,1626772106,836083889,,22.3608398438,0.564068734646,0.0,12.6130504608,0.0,0.0,0,0,0,False,(),,
2021/07/20/11:08:25.201692,12375,1626772106,876230001,,22.3608398438,0.550802588463,0.0,12.316409111,0.0,0.0,0,0,0,False,(),,
2021/07/20/11:08:25.241554,12376,1626772106,915739059,,22.3608398438,0.557435631752,0.0,12.4647302628,0.0,0.0,0,0,0,False,(),,
2021/07/20/11:08:25.282141,12377,1626772106,955869913,,22.3608398438,0.557435631752,0.0,12.4647302628,0.0,0.0,0,0,0,False,(),,
2021/07/20/11:08:25.325346,12378,1626772106,996031045,,22.3608398438,0.564068734646,0.0,12.6130504608,0.0,0.0,0,0,0,False,(),,
2021/07/20/11:08:25.361633,12379,1626772107,35739898,,22.3608398438,0.557435631752,0.0,12.4647302628,0.0,0.0,0,0,0,False,(),,
2021/07/20/11:08:25.401046,12380,1626772107,75673103,,22.3608398438,0.550802588463,0.0,12.316409111,0.0,0.0,0,0,0,False,(),,
2021/07/20/11:08:25.441580,12381,1626772107,115677118,,22.3608398438,0.564068734646,0.0,12.6130504608,0.0,0.0,0,0,0,False,(),,
2021/07/20/11:08:25.484349,12382,1626772107,155627965,,22.3608398438,0.564068734646,0.0,12.6130504608,0.0,0.0,0,0,0,False,(),,
2021/07/20/11:08:25.521492,12383,1626772107,196019887,,22.3608398438,0.564068734646,0.0,12.6130504608,0.0,0.0,0,0,0,False,(),,
2021/07/20/11:08:25.562666,12384,1626772107,235559940,,22.3608398438,0.557435631752,0.0,12.4647302628,0.0,0.0,0,0,0,False,(),,
2021/07/20/11:08:25.601704,12385,1626772107,275577068,,22.3608398438,0.564068734646,0.0,12.6130504608,0.0,0.0,0,0,0,False,(),,
2021/07/20/11:08:25.641501,12386,1626772107,315949916,,22.3608398438,0.557435631752,0.0,12.4647302628,0.0,0.0,0,0,0,False,(),,
2021/07/20/11:08:25.681766,12387,1626772107,355623006,,22.3608398438,0.557435631752,0.0,12.4647302628,0.0,0.0,0,0,0,False,(),,
2021/07/20/11:08:25.724127,12388,1626772107,395910024,,22.3608398438,0.564068734646,0.0,12.6130504608,0.0,0.0,0,0,0,False,(),,
2021/07/20/11:08:25.765548,12389,1626772107,435776948,,22.3608398438,0.564068734646,0.0,12.6130504608,0.0,0.0,0,0,0,False,(),,
2021/07/20/11:08:25.969339,12390,1626772107,475761890,,22.3608398438,0.557435631752,0.0,12.4647302628,0.0,0.0,0,0,0,False,(),,
2021/07/20/11:08:25.969352,12391,1626772107,515753030,,22.3608398438,0.557435631752,0.0,12.4647302628,0.0,0.0,0,0,0,False,(),,
2021/07/20/11:08:25.969363,12392,1626772107,555746078,,22.3608398438,0.564068734646,0.0,12.6130504608,0.0,0.0,0,0,0,False,(),,
2021/07/20/11:08:25.969375,12393,1626772107,595751047,,22.3608398438,0.564068734646,0.0,12.6130504608,0.0,0.0,0,0,0,False,(),,
2021/07/20/11:08:25.969380,12394,1626772107,635613918,,22.3608398438,0.550802588463,0.0,12.316409111,0.0,0.0,0,0,0,False,(),,
2021/07/20/11:08:26.019974,12395,1626772107,675565958,,22.3608398438,0.550802588463,0.0,12.316409111,0.0,0.0,0,0,0,False,(),,
2021/07/20/11:08:26.042633,12396,1626772107,715586900,,22.3608398438,0.577334821224,0.0,12.9096918106,0.0,0.0,0,0,0,False,(),,
2021/07/20/11:08:26.081639,12397,1626772107,755618095,,22.3608398438,0.564068734646,0.0,12.6130504608,0.0,0.0,0,0,0,False,(),,
2021/07/20/11:08:26.121477,12398,1626772107,795753955,,22.3608398438,0.557435631752,0.0,12.4647302628,0.0,0.0,0,0,0,False,(),,
2021/07/20/11:08:26.162642,12399,1626772107,836306095,,22.3608398438,0.564068734646,0.0,12.6130504608,0.0,0.0,0,0,0,False,(),,
2021/07/20/11:08:26.202381,12400,1626772107,875967025,,22.3608398438,0.570701777935,0.0,12.7613716125,0.0,0.0,0,0,0,False,(),,
2021/07/20/11:08:26.240900,12401,1626772107,915523052,,22.3608398438,0.557435631752,0.0,12.4647302628,0.0,0.0,0,0,0,False,(),,
2021/07/20/11:08:26.281555,12402,1626772107,955599069,,22.3608398438,0.564068734646,0.0,12.6130504608,0.0,0.0,0,0,0,False,(),,
2021/07/20/11:08:26.321953,12403,1626772107,995476961,,22.3608398438,0.550802588463,0.0,12.316409111,0.0,0.0,0,0,0,False,(),,
2021/07/20/11:08:26.361285,12404,1626772108,35698890,,22.3608398438,0.570701777935,0.0,12.7613716125,0.0,0.0,0,0,0,False,(),,
2021/07/20/11:08:26.402456,12405,1626772108,75985908,,22.3608398438,0.564068734646,0.0,12.6130504608,0.0,0.0,0,0,0,False,(),,
2021/07/20/11:08:26.442457,12406,1626772108,116105079,,22.3608398438,0.564068734646,0.0,12.6130504608,0.0,0.0,0,0,0,False,(),,
2021/07/20/11:08:26.481731,12407,1626772108,155865907,,22.3608398438,0.557435631752,0.0,12.4647302628,0.0,0.0,0,0,0,False,(),,
2021/07/20/11:08:26.522194,12408,1626772108,195735931,,22.3608398438,0.557435631752,0.0,12.4647302628,0.0,0.0,0,0,0,False,(),,
2021/07/20/11:08:26.562036,12409,1626772108,236143112,,22.3608398438,0.557435631752,0.0,12.4647302628,0.0,0.0,0,0,0,False,(),,
2021/07/20/11:08:26.601232,12410,1626772108,275682926,,22.3608398438,0.550802588463,0.0,12.316409111,0.0,0.0,0,0,0,False,(),,
2021/07/20/11:08:26.647409,12411,1626772108,316056013,,22.3608398438,0.557435631752,0.0,12.4647302628,0.0,0.0,0,0,0,False,(),,
2021/07/20/11:08:26.682425,12412,1626772108,356187105,,22.3608398438,0.557435631752,0.0,12.4647302628,0.0,0.0,0,0,0,False,(),,
2021/07/20/11:08:26.722190,12413,1626772108,395972013,,22.3608398438,0.564068734646,0.0,12.6130504608,0.0,0.0,0,0,0,False,(),,
2021/07/20/11:08:26.763537,12414,1626772108,435679912,,22.3608398438,0.550802588463,0.0,12.316409111,0.0,0.0,0,0,0,False,(),,
2021/07/20/11:08:26.971780,12415,1626772108,475940942,,22.3608398438,0.564068734646,0.0,12.6130504608,0.0,0.0,0,0,0,False,(),,
2021/07/20/11:08:26.971810,12416,1626772108,515794038,,22.3608398438,0.550802588463,0.0,12.316409111,0.0,0.0,0,0,0,False,(),,
2021/07/20/11:08:26.971825,12417,1626772108,555792093,,22.3608398438,0.557435631752,0.0,12.4647302628,0.0,0.0,0,0,0,False,(),,
2021/07/20/11:08:26.971837,12418,1626772108,595859050,,22.3608398438,0.564068734646,0.0,12.6130504608,0.0,0.0,0,0,0,False,(),,
2021/07/20/11:08:26.971846,12419,1626772108,635718107,,22.3608398438,0.550802588463,0.0,12.316409111,0.0,0.0,0,0,0,False,(),,
2021/07/20/11:08:27.002712,12420,1626772108,676330089,,22.3608398438,0.550802588463,0.0,12.316409111,0.0,0.0,0,0,0,False,(),,
2021/07/20/11:08:27.041660,12421,1626772108,715987920,,22.3608398438,0.564068734646,0.0,12.6130504608,0.0,0.0,0,0,0,False,(),,
2021/07/20/11:08:27.082109,12422,1626772108,755705118,,22.3608398438,0.564068734646,0.0,12.6130504608,0.0,0.0,0,0,0,False,(),,
2021/07/20/11:08:27.121763,12423,1626772108,796021938,,22.3608398438,0.564068734646,0.0,12.6130504608,0.0,0.0,0,0,0,False,(),,
2021/07/20/11:08:27.162829,12424,1626772108,836057901,,22.3608398438,0.550802588463,0.0,12.316409111,0.0,0.0,0,0,0,False,(),,
2021/07/20/11:08:27.203577,12425,1626772108,875930070,,22.3608398438,0.550802588463,0.0,12.316409111,0.0,0.0,0,0,0,False,(),,
2021/07/20/11:08:27.241863,12426,1626772108,916052103,,22.3608398438,0.564068734646,0.0,12.6130504608,0.0,0.0,0,0,0,False,(),,
2021/07/20/11:08:27.283372,12427,1626772108,955926895,,22.3608398438,0.557435631752,0.0,12.4647302628,0.0,0.0,0,0,0,False,(),,
2021/07/20/11:08:27.321884,12428,1626772108,995944976,,22.3608398438,0.557435631752,0.0,12.4647302628,0.0,0.0,0,0,0,False,(),,
2021/07/20/11:08:27.363083,12429,1626772109,35656929,,22.3608398438,0.544169545174,0.0,12.1680879593,0.0,0.0,0,0,0,False,(),,
2021/07/20/11:08:27.401330,12430,1626772109,75738906,,22.3608398438,0.557435631752,0.0,12.4647302628,0.0,0.0,0,0,0,False,(),,
2021/07/20/11:08:27.442478,12431,1626772109,115720987,,22.3608398438,0.550802588463,0.0,12.316409111,0.0,0.0,0,0,0,False,(),,
2021/07/20/11:08:27.482833,12432,1626772109,155769109,,22.3824996948,0.550802588463,0.0,12.328338623,0.0,0.0,0,0,0,False,(),,
2021/07/20/11:08:27.521980,12433,1626772109,196017026,,22.3608398438,0.550802588463,0.0,12.316409111,0.0,0.0,0,0,0,False,(),,
2021/07/20/11:08:27.561989,12434,1626772109,236021041,,22.3608398438,0.544169545174,0.0,12.1680879593,0.0,0.0,0,0,0,False,(),,
2021/07/20/11:08:27.602120,12435,1626772109,275943994,,22.3608398438,0.550802588463,0.0,12.316409111,0.0,0.0,0,0,0,False,(),,
2021/07/20/11:08:27.641010,12436,1626772109,315517902,,22.3608398438,0.550802588463,0.0,12.316409111,0.0,0.0,0,0,0,False,(),,
2021/07/20/11:08:27.682537,12437,1626772109,355429887,,22.3608398438,0.550802588463,0.0,12.316409111,0.0,0.0,0,0,0,False,(),,
2021/07/20/11:08:27.721960,12438,1626772109,395911931,,22.3608398438,0.550802588463,0.0,12.316409111,0.0,0.0,0,0,0,False,(),,
2021/07/20/11:08:27.761975,12439,1626772109,435810089,,22.3608398438,0.550802588463,0.0,12.316409111,0.0,0.0,0,0,0,False,(),,
2021/07/20/11:08:27.971778,12440,1626772109,475883960,,22.3608398438,0.544169545174,0.0,12.1680879593,0.0,0.0,0,0,0,False,(),,
2021/07/20/11:08:27.971788,12441,1626772109,515925884,,22.3608398438,0.544169545174,0.0,12.1680879593,0.0,0.0,0,0,0,False,(),,
2021/07/20/11:08:27.971792,12442,1626772109,555871963,,22.3608398438,0.544169545174,0.0,12.1680879593,0.0,0.0,0,0,0,False,(),,
2021/07/20/11:08:27.971800,12443,1626772109,595741987,,22.3608398438,0.550802588463,0.0,12.316409111,0.0,0.0,0,0,0,False,(),,
2021/07/20/11:08:27.971813,12444,1626772109,635945081,,22.3608398438,0.544169545174,0.0,12.1680879593,0.0,0.0,0,0,0,False,(),,
2021/07/20/11:08:28.002611,12445,1626772109,676012039,,22.3608398438,0.557435631752,0.0,12.4647302628,0.0,0.0,0,0,0,False,(),,
2021/07/20/11:08:28.041665,12446,1626772109,715939998,,22.3608398438,0.557435631752,0.0,12.4647302628,0.0,0.0,0,0,0,False,(),,
2021/07/20/11:08:28.081271,12447,1626772109,755745887,,22.3608398438,0.550802588463,0.0,12.316409111,0.0,0.0,0,0,0,False,(),,
2021/07/20/11:08:28.122486,12448,1626772109,796006917,,22.3824996948,0.564068734646,0.0,12.6252679825,0.0,0.0,0,0,0,False,(),,
2021/07/20/11:08:28.161528,12449,1626772109,836162090,,22.3608398438,0.544169545174,0.0,12.1680879593,0.0,0.0,0,0,0,False,(),,
2021/07/20/11:08:28.204079,12450,1626772109,876040935,,22.3608398438,0.557435631752,0.0,12.4647302628,0.0,0.0,0,0,0,False,(),,
2021/07/20/11:08:28.241915,12451,1626772109,915611982,,22.3824996948,0.557435631752,0.0,12.4768037796,0.0,0.0,0,0,0,False,(),,
2021/07/20/11:08:28.284868,12452,1626772109,955938100,,22.3608398438,0.557435631752,0.0,12.4647302628,0.0,0.0,0,0,0,False,(),,
2021/07/20/11:08:28.322267,12453,1626772109,995667934,,22.3608398438,0.564068734646,0.0,12.6130504608,0.0,0.0,0,0,0,False,(),,
2021/07/20/11:08:28.363180,12454,1626772110,36437988,,22.3608398438,0.550802588463,0.0,12.316409111,0.0,0.0,0,0,0,False,(),,
2021/07/20/11:08:28.403440,12455,1626772110,76427936,,22.3608398438,0.557435631752,0.0,12.4647302628,0.0,0.0,0,0,0,False,(),,
2021/07/20/11:08:28.441715,12456,1626772110,115870952,,22.3608398438,0.550802588463,0.0,12.316409111,0.0,0.0,0,0,0,False,(),,
2021/07/20/11:08:28.482292,12457,1626772110,155915975,,22.3608398438,0.550802588463,0.0,12.316409111,0.0,0.0,0,0,0,False,(),,
2021/07/20/11:08:28.521775,12458,1626772110,195992946,,22.3608398438,0.544169545174,0.0,12.1680879593,0.0,0.0,0,0,0,False,(),,
2021/07/20/11:08:28.561939,12459,1626772110,236032962,,22.3608398438,0.550802588463,0.0,12.316409111,0.0,0.0,0,0,0,False,(),,
2021/07/20/11:08:28.602036,12460,1626772110,275782108,,22.3608398438,0.557435631752,0.0,12.4647302628,0.0,0.0,0,0,0,False,(),,
2021/07/20/11:08:28.642830,12461,1626772110,316186904,,22.3608398438,0.550802588463,0.0,12.316409111,0.0,0.0,0,0,0,False,(),,
2021/07/20/11:08:28.682302,12462,1626772110,355757951,,22.3608398438,0.550802588463,0.0,12.316409111,0.0,0.0,0,0,0,False,(),,
2021/07/20/11:08:28.729759,12463,1626772110,396471977,,22.3608398438,0.557435631752,0.0,12.4647302628,0.0,0.0,0,0,0,False,(),,
2021/07/20/11:08:28.763992,12464,1626772110,435699939,,22.3608398438,0.550802588463,0.0,12.316409111,0.0,0.0,0,0,0,False,(),,
2021/07/20/11:08:28.976085,12465,1626772110,475716114,,22.3608398438,0.544169545174,0.0,12.1680879593,0.0,0.0,0,0,0,False,(),,
2021/07/20/11:08:28.976103,12466,1626772110,515804052,,22.3608398438,0.550802588463,0.0,12.316409111,0.0,0.0,0,0,0,False,(),,
2021/07/20/11:08:28.976112,12467,1626772110,555762052,,22.3608398438,0.550802588463,0.0,12.316409111,0.0,0.0,0,0,0,False,(),,
2021/07/20/11:08:28.976121,12468,1626772110,595983982,,22.3608398438,0.564068734646,0.0,12.6130504608,0.0,0.0,0,0,0,False,(),,
2021/07/20/11:08:28.976134,12469,1626772110,635868072,,22.3608398438,0.550802588463,0.0,12.316409111,0.0,0.0,0,0,0,False,(),,
2021/07/20/11:08:29.035872,12470,1626772110,676034927,,22.3608398438,0.564068734646,0.0,12.6130504608,0.0,0.0,0,0,0,False,(),,
2021/07/20/11:08:29.042236,12471,1626772110,715699911,,22.3608398438,0.557435631752,0.0,12.4647302628,0.0,0.0,0,0,0,False,(),,
2021/07/20/11:08:29.081828,12472,1626772110,755930900,,22.3608398438,0.570701777935,0.0,12.7613716125,0.0,0.0,0,0,0,False,(),,
2021/07/20/11:08:29.126109,12473,1626772110,795886993,,22.3608398438,0.570701777935,0.0,12.7613716125,0.0,0.0,0,0,0,False,(),,
2021/07/20/11:08:29.164751,12474,1626772110,835980892,,22.3608398438,0.570701777935,0.0,12.7613716125,0.0,0.0,0,0,0,False,(),,
2021/07/20/11:08:29.201171,12475,1626772110,876056909,,22.3608398438,0.570701777935,0.0,12.7613716125,0.0,0.0,0,0,0,False,(),,
2021/07/20/11:08:29.241465,12476,1626772110,915744066,,22.3608398438,0.557435631752,0.0,12.4647302628,0.0,0.0,0,0,0,False,(),,
2021/07/20/11:08:29.281494,12477,1626772110,955648899,,22.3608398438,0.557435631752,0.0,12.4647302628,0.0,0.0,0,0,0,False,(),,
2021/07/20/11:08:29.322787,12478,1626772110,995862007,,22.3608398438,0.564068734646,0.0,12.6130504608,0.0,0.0,0,0,0,False,(),,
2021/07/20/11:08:29.361567,12479,1626772111,35888910,,22.3608398438,0.564068734646,0.0,12.6130504608,0.0,0.0,0,0,0,False,(),,
2021/07/20/11:08:29.402054,12480,1626772111,75917959,,22.3608398438,0.557435631752,0.0,12.4647302628,0.0,0.0,0,0,0,False,(),,
2021/07/20/11:08:29.441551,12481,1626772111,116121053,,22.3608398438,0.550802588463,0.0,12.316409111,0.0,0.0,0,0,0,False,(),,
2021/07/20/11:08:29.484545,12482,1626772111,155714035,,22.3608398438,0.557435631752,0.0,12.4647302628,0.0,0.0,0,0,0,False,(),,
2021/07/20/11:08:29.532099,12483,1626772111,196160078,,22.3608398438,0.564068734646,0.0,12.6130504608,0.0,0.0,0,0,0,False,(),,
2021/07/20/11:08:29.562217,12484,1626772111,235933065,,22.3608398438,0.570701777935,0.0,12.7613716125,0.0,0.0,0,0,0,False,(),,
2021/07/20/11:08:29.601724,12485,1626772111,276297092,,22.3608398438,0.564068734646,0.0,12.6130504608,0.0,0.0,0,0,0,False,(),,
2021/07/20/11:08:30.071010,12486,1626772111,315848112,,22.3608398438,0.550802588463,0.0,12.316409111,0.0,0.0,0,0,0,False,(),,
2021/07/20/11:08:30.071013,12487,1626772111,355715036,,22.3608398438,0.557435631752,0.0,12.4647302628,0.0,0.0,0,0,0,False,(),,
2021/07/20/11:08:30.071016,12488,1626772111,395838022,,22.3608398438,0.557435631752,0.0,12.4647302628,0.0,0.0,0,0,0,False,(),,
2021/07/20/11:08:30.071042,12489,1626772111,435751914,,22.3608398438,0.557435631752,0.0,12.4647302628,0.0,0.0,0,0,0,False,(),,
2021/07/20/11:08:30.071046,12490,1626772111,475845098,,22.3824996948,0.557435631752,0.0,12.4768037796,0.0,0.0,0,0,0,False,(),,
2021/07/20/11:08:30.071056,12491,1626772111,516038894,,22.3608398438,0.564068734646,0.0,12.6130504608,0.0,0.0,0,0,0,False,(),,
2021/07/20/11:08:30.074767,12492,1626772111,555706024,,22.3608398438,0.550802588463,0.0,12.316409111,0.0,0.0,0,0,0,False,(),,
2021/07/20/11:08:30.074778,12493,1626772111,595865964,,22.3608398438,0.550802588463,0.0,12.316409111,0.0,0.0,0,0,0,False,(),,
2021/07/20/11:08:30.074783,12494,1626772111,635580062,,22.3608398438,0.550802588463,0.0,12.316409111,0.0,0.0,0,0,0,False,(),,
2021/07/20/11:08:30.074786,12495,1626772111,676099061,,22.3608398438,0.550802588463,0.0,12.316409111,0.0,0.0,0,0,0,False,(),,
2021/07/20/11:08:30.074790,12496,1626772111,715751886,,22.3608398438,0.550802588463,0.0,12.316409111,0.0,0.0,0,0,0,False,(),,
2021/07/20/11:08:30.081239,12497,1626772111,755866050,,22.3608398438,0.557435631752,0.0,12.4647302628,0.0,0.0,0,0,0,False,(),,
2021/07/20/11:08:30.122074,12498,1626772111,795675992,,22.3608398438,0.564068734646,0.0,12.6130504608,0.0,0.0,0,0,0,False,(),,
2021/07/20/11:08:30.162754,12499,1626772111,836163043,,22.3824996948,0.557435631752,0.0,12.4768037796,0.0,0.0,0,0,0,False,(),,
2021/07/20/11:08:30.201931,12500,1626772111,875936985,,22.3608398438,0.550802588463,0.0,12.316409111,0.0,0.0,0,0,0,False,(),,
2021/07/20/11:08:30.240720,12501,1626772111,915460109,,22.3608398438,0.557435631752,0.0,12.4647302628,0.0,0.0,0,0,0,False,(),,
2021/07/20/11:08:30.281103,12502,1626772111,955645084,,22.3608398438,0.570701777935,0.0,12.7613716125,0.0,0.0,0,0,0,False,(),,
2021/07/20/11:08:30.321692,12503,1626772111,995908975,,22.3608398438,0.557435631752,0.0,12.4647302628,0.0,0.0,0,0,0,False,(),,
2021/07/20/11:08:30.362627,12504,1626772112,36221027,,22.3608398438,0.557435631752,0.0,12.4647302628,0.0,0.0,0,0,0,False,(),,
2021/07/20/11:08:30.402026,12505,1626772112,76217889,,22.3608398438,0.564068734646,0.0,12.6130504608,0.0,0.0,0,0,0,False,(),,
2021/07/20/11:08:30.444446,12506,1626772112,115751981,,22.3608398438,0.557435631752,0.0,12.4647302628,0.0,0.0,0,0,0,False,(),,
2021/07/20/11:08:30.482039,12507,1626772112,155761003,,22.3608398438,0.557435631752,0.0,12.4647302628,0.0,0.0,0,0,0,False,(),,
2021/07/20/11:08:30.521844,12508,1626772112,195959091,,22.3608398438,0.564068734646,0.0,12.6130504608,0.0,0.0,0,0,0,False,(),,
2021/07/20/11:08:30.562965,12509,1626772112,236154079,,22.3608398438,0.544169545174,0.0,12.1680879593,0.0,0.0,0,0,0,False,(),,
2021/07/20/11:08:30.602303,12510,1626772112,275914907,,22.3608398438,0.550802588463,0.0,12.316409111,0.0,0.0,0,0,0,False,(),,
2021/07/20/11:08:30.642114,12511,1626772112,315952062,,22.3608398438,0.544169545174,0.0,12.1680879593,0.0,0.0,0,0,0,False,(),,
2021/07/20/11:08:30.683033,12512,1626772112,356133937,,22.3608398438,0.557435631752,0.0,12.4647302628,0.0,0.0,0,0,0,False,(),,
2021/07/20/11:08:30.721970,12513,1626772112,395957946,,22.3824996948,0.557435631752,0.0,12.4768037796,0.0,0.0,0,0,0,False,(),,
2021/07/20/11:08:30.761380,12514,1626772112,435746908,,22.3608398438,0.544169545174,0.0,12.1680879593,0.0,0.0,0,0,0,False,(),,
2021/07/20/11:08:30.971939,12515,1626772112,475728988,,22.3608398438,0.544169545174,0.0,12.1680879593,0.0,0.0,0,0,0,False,(),,
2021/07/20/11:08:30.971956,12516,1626772112,515923976,,22.3608398438,0.544169545174,0.0,12.1680879593,0.0,0.0,0,0,0,False,(),,
2021/07/20/11:08:30.971963,12517,1626772112,556011915,,22.3608398438,0.550802588463,0.0,12.316409111,0.0,0.0,0,0,0,False,(),,
2021/07/20/11:08:30.971971,12518,1626772112,595907926,,22.3608398438,0.550802588463,0.0,12.316409111,0.0,0.0,0,0,0,False,(),,
2021/07/20/11:08:30.971984,12519,1626772112,635673046,,22.3608398438,0.550802588463,0.0,12.316409111,0.0,0.0,0,0,0,False,(),,
2021/07/20/11:08:31.010865,12520,1626772112,676021099,,22.3608398438,0.550802588463,0.0,12.316409111,0.0,0.0,0,0,0,False,(),,
2021/07/20/11:08:31.041685,12521,1626772112,716135025,,22.3608398438,0.557435631752,0.0,12.4647302628,0.0,0.0,0,0,0,False,(),,
2021/07/20/11:08:31.081620,12522,1626772112,755880117,,22.3608398438,0.431407541037,0.0,9.64663505554,0.0,0.0,0,0,0,False,(),,
2021/07/20/11:08:31.123322,12523,1626772112,795582056,,22.3824996948,0.3186455369,0.0,7.13208341599,0.0,0.0,0,0,0,False,(),,
2021/07/20/11:08:31.163111,12524,1626772112,835587024,,22.3824996948,0.3186455369,0.0,7.13208341599,0.0,0.0,0,0,0,False,(),,
2021/07/20/11:08:31.202254,12525,1626772112,875659942,,22.3824996948,0.325278580189,0.0,7.28054761887,0.0,0.0,0,0,0,False,(),,
2021/07/20/11:08:31.242435,12526,1626772112,915968894,,22.3608398438,0.3186455369,0.0,7.12518167496,0.0,0.0,0,0,0,False,(),,
2021/07/20/11:08:31.281675,12527,1626772112,956216096,,22.3608398438,0.325278580189,0.0,7.27350282669,0.0,0.0,0,0,0,False,(),,
2021/07/20/11:08:31.322890,12528,1626772112,995975971,,22.3608398438,0.3186455369,0.0,7.12518167496,0.0,0.0,0,0,0,False,(),,
2021/07/20/11:08:31.362199,12529,1626772113,35768985,,22.3608398438,0.305379420519,0.0,6.82854032516,0.0,0.0,0,0,0,False,(),,
2021/07/20/11:08:31.401722,12530,1626772113,75462102,,22.3608398438,0.325278580189,0.0,7.27350282669,0.0,0.0,0,0,0,False,(),,
2021/07/20/11:08:31.441817,12531,1626772113,115839004,,22.3824996948,0.3186455369,0.0,7.13208341599,0.0,0.0,0,0,0,False,(),,
2021/07/20/11:08:31.481739,12532,1626772113,155790090,,22.3824996948,0.3186455369,0.0,7.13208341599,0.0,0.0,0,0,0,False,(),,
2021/07/20/11:08:31.524212,12533,1626772113,196583986,,22.3608398438,0.3186455369,0.0,7.12518167496,0.0,0.0,0,0,0,False,(),,
2021/07/20/11:08:31.561593,12534,1626772113,235766887,,22.3824996948,0.325278580189,0.0,7.28054761887,0.0,0.0,0,0,0,False,(),,
2021/07/20/11:08:31.602505,12535,1626772113,275974988,,22.3824996948,0.312012463808,0.0,6.98361873627,0.0,0.0,0,0,0,False,(),,
2021/07/20/11:08:31.641165,12536,1626772113,315996885,,22.3824996948,0.312012463808,0.0,6.98361873627,0.0,0.0,0,0,0,False,(),,
2021/07/20/11:08:31.681844,12537,1626772113,355645895,,22.3608398438,0.325278580189,0.0,7.27350282669,0.0,0.0,0,0,0,False,(),,
2021/07/20/11:08:31.725569,12538,1626772113,395745992,,22.3824996948,0.325278580189,0.0,7.28054761887,0.0,0.0,0,0,0,False,(),,
2021/07/20/11:08:31.771163,12539,1626772113,435941934,,22.3824996948,0.325278580189,0.0,7.28054761887,0.0,0.0,0,0,0,False,(),,
2021/07/20/11:08:31.972515,12540,1626772113,475920915,,22.3608398438,0.3186455369,0.0,7.12518167496,0.0,0.0,0,0,0,False,(),,
2021/07/20/11:08:31.972533,12541,1626772113,515908002,,22.3824996948,0.312012463808,0.0,6.98361873627,0.0,0.0,0,0,0,False,(),,
2021/07/20/11:08:31.972539,12542,1626772113,555670976,,22.3824996948,0.325278580189,0.0,7.28054761887,0.0,0.0,0,0,0,False,(),,
2021/07/20/11:08:31.972570,12543,1626772113,595760107,,22.3608398438,0.312012463808,0.0,6.97686100006,0.0,0.0,0,0,0,False,(),,
2021/07/20/11:08:31.972577,12544,1626772113,635557889,,22.3824996948,0.305379420519,0.0,6.83515453339,0.0,0.0,0,0,0,False,(),,
2021/07/20/11:08:32.002255,12545,1626772113,676039934,,22.3824996948,0.325278580189,0.0,7.28054761887,0.0,0.0,0,0,0,False,(),,
2021/07/20/11:08:32.043005,12546,1626772113,716543912,,22.3824996948,0.3186455369,0.0,7.13208341599,0.0,0.0,0,0,0,False,(),,
2021/07/20/11:08:32.083841,12547,1626772113,756053924,,22.3608398438,0.312012463808,0.0,6.97686100006,0.0,0.0,0,0,0,False,(),,
2021/07/20/11:08:32.130751,12548,1626772113,796067953,,22.3824996948,0.325278580189,0.0,7.28054761887,0.0,0.0,0,0,0,False,(),,
2021/07/20/11:08:32.162212,12549,1626772113,835654973,,22.3608398438,0.312012463808,0.0,6.97686100006,0.0,0.0,0,0,0,False,(),,
2021/07/20/11:08:32.201977,12550,1626772113,876136064,,22.3608398438,0.3186455369,0.0,7.12518167496,0.0,0.0,0,0,0,False,(),,
2021/07/20/11:08:32.240630,12551,1626772113,915318965,,22.3824996948,0.457939773798,0.0,10.2498369217,0.0,0.0,0,0,0,False,(),,
2021/07/20/11:08:32.282112,12552,1626772113,956059932,,22.3608398438,0.517637312412,0.0,11.5748052597,0.0,0.0,0,0,0,False,(),,
2021/07/20/11:08:32.322136,12553,1626772113,996028900,,22.3608398438,0.544169545174,0.0,12.1680879593,0.0,0.0,0,0,0,False,(),,
2021/07/20/11:08:32.361300,12554,1626772114,35887002,,22.3608398438,0.550802588463,0.0,12.316409111,0.0,0.0,0,0,0,False,(),,
2021/07/20/11:08:32.403388,12555,1626772114,75685977,,22.3608398438,0.564068734646,0.0,12.6130504608,0.0,0.0,0,0,0,False,(),,
2021/07/20/11:08:32.444032,12556,1626772114,115829944,,22.3608398438,0.570701777935,0.0,12.7613716125,0.0,0.0,0,0,0,False,(),,
2021/07/20/11:08:32.481972,12557,1626772114,155689954,,22.3608398438,0.570701777935,0.0,12.7613716125,0.0,0.0,0,0,0,False,(),,
2021/07/20/11:08:32.522074,12558,1626772114,195990085,,22.3608398438,0.557435631752,0.0,12.4647302628,0.0,0.0,0,0,0,False,(),,
2021/07/20/11:08:32.561333,12559,1626772114,235765933,,22.3608398438,0.550802588463,0.0,12.316409111,0.0,0.0,0,0,0,False,(),,
2021/07/20/11:08:32.623803,12560,1626772114,275918006,,22.3608398438,0.564068734646,0.0,12.6130504608,0.0,0.0,0,0,0,False,(),,
2021/07/20/11:08:32.642498,12561,1626772114,316129922,,22.3608398438,0.550802588463,0.0,12.316409111,0.0,0.0,0,0,0,False,(),,
2021/07/20/11:08:32.681423,12562,1626772114,355772972,,22.3608398438,0.550802588463,0.0,12.316409111,0.0,0.0,0,0,0,False,(),,
2021/07/20/11:08:32.721798,12563,1626772114,396049022,,22.3608398438,0.550802588463,0.0,12.316409111,0.0,0.0,0,0,0,False,(),,
2021/07/20/11:08:32.762494,12564,1626772114,435640096,,22.3608398438,0.550802588463,0.0,12.316409111,0.0,0.0,0,0,0,False,(),,
2021/07/20/11:08:32.971815,12565,1626772114,475887060,,22.3608398438,0.550802588463,0.0,12.316409111,0.0,0.0,0,0,0,False,(),,
2021/07/20/11:08:32.971835,12566,1626772114,515957117,,22.3608398438,0.544169545174,0.0,12.1680879593,0.0,0.0,0,0,0,False,(),,
2021/07/20/11:08:32.971843,12567,1626772114,555666923,,22.3608398438,0.550802588463,0.0,12.316409111,0.0,0.0,0,0,0,False,(),,
2021/07/20/11:08:32.971852,12568,1626772114,595880031,,22.3608398438,0.564068734646,0.0,12.6130504608,0.0,0.0,0,0,0,False,(),,
2021/07/20/11:08:32.971862,12569,1626772114,635896921,,22.3608398438,0.550802588463,0.0,12.316409111,0.0,0.0,0,0,0,False,(),,
2021/07/20/11:08:33.030617,12570,1626772114,675744056,,22.3608398438,0.557435631752,0.0,12.4647302628,0.0,0.0,0,0,0,False,(),,
2021/07/20/11:08:33.041576,12571,1626772114,715935945,,22.3608398438,0.557435631752,0.0,12.4647302628,0.0,0.0,0,0,0,False,(),,
2021/07/20/11:08:33.081812,12572,1626772114,755625963,,22.3608398438,0.577334821224,0.0,12.9096918106,0.0,0.0,0,0,0,False,(),,
2021/07/20/11:08:33.124624,12573,1626772114,795974016,,22.3608398438,0.557435631752,0.0,12.4647302628,0.0,0.0,0,0,0,False,(),,
2021/07/20/11:08:33.161536,12574,1626772114,835984945,,22.3608398438,0.564068734646,0.0,12.6130504608,0.0,0.0,0,0,0,False,(),,
2021/07/20/11:08:33.202682,12575,1626772114,875940084,,22.3608398438,0.557435631752,0.0,12.4647302628,0.0,0.0,0,0,0,False,(),,
2021/07/20/11:08:33.241847,12576,1626772114,915947914,,22.3608398438,0.550802588463,0.0,12.316409111,0.0,0.0,0,0,0,False,(),,
2021/07/20/11:08:33.281826,12577,1626772114,955622911,,22.3608398438,0.557435631752,0.0,12.4647302628,0.0,0.0,0,0,0,False,(),,
2021/07/20/11:08:33.323138,12578,1626772114,996145009,,22.3608398438,0.557435631752,0.0,12.4647302628,0.0,0.0,0,0,0,False,(),,
2021/07/20/11:08:33.362113,12579,1626772115,35808086,,22.3608398438,0.557435631752,0.0,12.4647302628,0.0,0.0,0,0,0,False,(),,
2021/07/20/11:08:33.403610,12580,1626772115,76191902,,22.3824996948,0.557435631752,0.0,12.4768037796,0.0,0.0,0,0,0,False,(),,
2021/07/20/11:08:33.441967,12581,1626772115,115989923,,22.3608398438,0.564068734646,0.0,12.6130504608,0.0,0.0,0,0,0,False,(),,
2021/07/20/11:08:33.481625,12582,1626772115,155734062,,22.3608398438,0.570701777935,0.0,12.7613716125,0.0,0.0,0,0,0,False,(),,
2021/07/20/11:08:33.525576,12583,1626772115,195872068,,22.3608398438,0.557435631752,0.0,12.4647302628,0.0,0.0,0,0,0,False,(),,
2021/07/20/11:08:33.561820,12584,1626772115,235770940,,22.3608398438,0.550802588463,0.0,12.316409111,0.0,0.0,0,0,0,False,(),,
2021/07/20/11:08:33.601472,12585,1626772115,275732040,,22.3608398438,0.564068734646,0.0,12.6130504608,0.0,0.0,0,0,0,False,(),,
2021/07/20/11:08:33.643029,12586,1626772115,315740108,,22.3824996948,0.564068734646,0.0,12.6252679825,0.0,0.0,0,0,0,False,(),,
2021/07/20/11:08:33.684649,12587,1626772115,355981111,,22.3608398438,0.570701777935,0.0,12.7613716125,0.0,0.0,0,0,0,False,(),,
2021/07/20/11:08:33.722287,12588,1626772115,395924091,,22.3608398438,0.557435631752,0.0,12.4647302628,0.0,0.0,0,0,0,False,(),,
2021/07/20/11:08:33.761086,12589,1626772115,435698986,,22.3608398438,0.570701777935,0.0,12.7613716125,0.0,0.0,0,0,0,False,(),,
2021/07/20/11:08:33.973506,12590,1626772115,475775003,,22.3608398438,0.564068734646,0.0,12.6130504608,0.0,0.0,0,0,0,False,(),,
2021/07/20/11:08:33.973524,12591,1626772115,516187906,,22.3608398438,0.557435631752,0.0,12.4647302628,0.0,0.0,0,0,0,False,(),,
2021/07/20/11:08:33.973532,12592,1626772115,555541038,,22.3608398438,0.564068734646,0.0,12.6130504608,0.0,0.0,0,0,0,False,(),,
2021/07/20/11:08:33.973554,12593,1626772115,595895051,,22.3608398438,0.570701777935,0.0,12.7613716125,0.0,0.0,0,0,0,False,(),,
2021/07/20/11:08:33.973566,12594,1626772115,635726928,,22.3608398438,0.557435631752,0.0,12.4647302628,0.0,0.0,0,0,0,False,(),,
2021/07/20/11:08:34.002381,12595,1626772115,676049947,,22.3608398438,0.557435631752,0.0,12.4647302628,0.0,0.0,0,0,0,False,(),,
2021/07/20/11:08:34.043159,12596,1626772115,715745925,,22.3608398438,0.570701777935,0.0,12.7613716125,0.0,0.0,0,0,0,False,(),,
2021/07/20/11:08:34.082716,12597,1626772115,756021022,,22.3608398438,0.570701777935,0.0,12.7613716125,0.0,0.0,0,0,0,False,(),,
2021/07/20/11:08:34.122453,12598,1626772115,795855045,,22.3608398438,0.564068734646,0.0,12.6130504608,0.0,0.0,0,0,0,False,(),,
2021/07/20/11:08:34.162188,12599,1626772115,835690975,,22.3608398438,0.557435631752,0.0,12.4647302628,0.0,0.0,0,0,0,False,(),,
2021/07/20/11:08:34.202616,12600,1626772115,876012086,,22.3608398438,0.564068734646,0.0,12.6130504608,0.0,0.0,0,0,0,False,(),,
2021/07/20/11:08:34.240634,12601,1626772115,915457963,,22.3608398438,0.564068734646,0.0,12.6130504608,0.0,0.0,0,0,0,False,(),,
2021/07/20/11:08:34.281611,12602,1626772115,955581903,,22.3608398438,0.590600967407,0.0,13.2063341141,0.0,0.0,0,0,0,False,(),,
2021/07/20/11:08:34.321505,12603,1626772115,995743036,,22.3608398438,0.564068734646,0.0,12.6130504608,0.0,0.0,0,0,0,False,(),,
2021/07/20/11:08:34.361293,12604,1626772116,35880088,,22.3608398438,0.564068734646,0.0,12.6130504608,0.0,0.0,0,0,0,False,(),,
2021/07/20/11:08:34.401552,12605,1626772116,75592994,,22.3608398438,0.557435631752,0.0,12.4647302628,0.0,0.0,0,0,0,False,(),,
2021/07/20/11:08:34.441223,12606,1626772116,115782022,,22.3824996948,0.577334821224,0.0,12.9221963882,0.0,0.0,0,0,0,False,(),,
2021/07/20/11:08:34.482175,12607,1626772116,155761957,,22.3608398438,0.564068734646,0.0,12.6130504608,0.0,0.0,0,0,0,False,(),,
2021/07/20/11:08:34.522541,12608,1626772116,196021080,,22.3608398438,0.564068734646,0.0,12.6130504608,0.0,0.0,0,0,0,False,(),,
2021/07/20/11:08:34.562362,12609,1626772116,235934972,,22.3608398438,0.570701777935,0.0,12.7613716125,0.0,0.0,0,0,0,False,(),,
2021/07/20/11:08:34.601612,12610,1626772116,275882005,,22.3608398438,0.564068734646,0.0,12.6130504608,0.0,0.0,0,0,0,False,(),,
2021/07/20/11:08:34.643905,12611,1626772116,315788030,,22.3608398438,0.564068734646,0.0,12.6130504608,0.0,0.0,0,0,0,False,(),,
2021/07/20/11:08:34.683713,12612,1626772116,355905055,,22.3608398438,0.564068734646,0.0,12.6130504608,0.0,0.0,0,0,0,False,(),,
2021/07/20/11:08:34.721777,12613,1626772116,395656108,,22.3608398438,0.564068734646,0.0,12.6130504608,0.0,0.0,0,0,0,False,(),,
2021/07/20/11:08:34.763548,12614,1626772116,435878038,,22.3608398438,0.557435631752,0.0,12.4647302628,0.0,0.0,0,0,0,False,(),,
2021/07/20/11:08:34.971730,12615,1626772116,476274967,,22.3608398438,0.557435631752,0.0,12.4647302628,0.0,0.0,0,0,0,False,(),,
2021/07/20/11:08:34.971740,12616,1626772116,515897989,,22.3608398438,0.564068734646,0.0,12.6130504608,0.0,0.0,0,0,0,False,(),,
2021/07/20/11:08:34.971749,12617,1626772116,555916070,,22.3608398438,0.557435631752,0.0,12.4647302628,0.0,0.0,0,0,0,False,(),,
2021/07/20/11:08:34.971759,12618,1626772116,595736980,,22.3608398438,0.557435631752,0.0,12.4647302628,0.0,0.0,0,0,0,False,(),,
2021/07/20/11:08:34.971767,12619,1626772116,636411905,,22.3608398438,0.557435631752,0.0,12.4647302628,0.0,0.0,0,0,0,False,(),,
2021/07/20/11:08:35.044404,12620,1626772116,675739049,,22.3608398438,0.557435631752,0.0,12.4647302628,0.0,0.0,0,0,0,False,(),,
2021/07/20/11:08:35.046021,12621,1626772116,716130018,,22.3608398438,0.557435631752,0.0,12.4647302628,0.0,0.0,0,0,0,False,(),,
2021/07/20/11:08:35.082319,12622,1626772116,755630016,,22.3608398438,0.577334821224,0.0,12.9096918106,0.0,0.0,0,0,0,False,(),,
2021/07/20/11:08:35.122308,12623,1626772116,795969009,,22.3608398438,0.557435631752,0.0,12.4647302628,0.0,0.0,0,0,0,False,(),,
2021/07/20/11:08:35.162156,12624,1626772116,835959911,,22.3608398438,0.557435631752,0.0,12.4647302628,0.0,0.0,0,0,0,False,(),,
2021/07/20/11:08:35.200939,12625,1626772116,875523090,,22.3608398438,0.564068734646,0.0,12.6130504608,0.0,0.0,0,0,0,False,(),,
2021/07/20/11:08:35.241731,12626,1626772116,915950059,,22.3608398438,0.557435631752,0.0,12.4647302628,0.0,0.0,0,0,0,False,(),,
2021/07/20/11:08:35.281760,12627,1626772116,955727100,,22.3608398438,0.557435631752,0.0,12.4647302628,0.0,0.0,0,0,0,False,(),,
2021/07/20/11:08:35.322087,12628,1626772116,996011018,,22.3608398438,0.564068734646,0.0,12.6130504608,0.0,0.0,0,0,0,False,(),,
2021/07/20/11:08:35.361414,12629,1626772117,35705089,,22.3608398438,0.557435631752,0.0,12.4647302628,0.0,0.0,0,0,0,False,(),,
2021/07/20/11:08:35.404997,12630,1626772117,75882911,,22.3608398438,0.557435631752,0.0,12.4647302628,0.0,0.0,0,0,0,False,(),,
2021/07/20/11:08:35.441854,12631,1626772117,115927934,,22.3608398438,0.564068734646,0.0,12.6130504608,0.0,0.0,0,0,0,False,(),,
2021/07/20/11:08:35.481718,12632,1626772117,155874967,,22.3608398438,0.550802588463,0.0,12.316409111,0.0,0.0,0,0,0,False,(),,
2021/07/20/11:08:35.522791,12633,1626772117,196172952,,22.3824996948,0.564068734646,0.0,12.6252679825,0.0,0.0,0,0,0,False,(),,
2021/07/20/11:08:35.566104,12634,1626772117,236001014,,22.3608398438,0.557435631752,0.0,12.4647302628,0.0,0.0,0,0,0,False,(),,
2021/07/20/11:08:35.602637,12635,1626772117,275880098,,22.3608398438,0.557435631752,0.0,12.4647302628,0.0,0.0,0,0,0,False,(),,
2021/07/20/11:08:35.641242,12636,1626772117,315862894,,22.3608398438,0.564068734646,0.0,12.6130504608,0.0,0.0,0,0,0,False,(),,
2021/07/20/11:08:35.682191,12637,1626772117,355756998,,22.3608398438,0.564068734646,0.0,12.6130504608,0.0,0.0,0,0,0,False,(),,
2021/07/20/11:08:35.721323,12638,1626772117,395944118,,22.3608398438,0.570701777935,0.0,12.7613716125,0.0,0.0,0,0,0,False,(),,
2021/07/20/11:08:35.764006,12639,1626772117,435646057,,22.3608398438,0.564068734646,0.0,12.6130504608,0.0,0.0,0,0,0,False,(),,
2021/07/20/11:08:35.977115,12640,1626772117,475991010,,22.3608398438,0.550802588463,0.0,12.316409111,0.0,0.0,0,0,0,False,(),,
2021/07/20/11:08:35.977129,12641,1626772117,515861034,,22.3608398438,0.550802588463,0.0,12.316409111,0.0,0.0,0,0,0,False,(),,
2021/07/20/11:08:35.977138,12642,1626772117,555979013,,22.3608398438,0.570701777935,0.0,12.7613716125,0.0,0.0,0,0,0,False,(),,
2021/07/20/11:08:35.977180,12643,1626772117,596086025,,22.3608398438,0.550802588463,0.0,12.316409111,0.0,0.0,0,0,0,False,(),,
2021/07/20/11:08:35.977226,12644,1626772117,635582923,,22.3608398438,0.557435631752,0.0,12.4647302628,0.0,0.0,0,0,0,False,(),,
2021/07/20/11:08:36.011185,12645,1626772117,676358938,,22.3608398438,0.564068734646,0.0,12.6130504608,0.0,0.0,0,0,0,False,(),,
2021/07/20/11:08:36.041806,12646,1626772117,715866088,,22.3608398438,0.564068734646,0.0,12.6130504608,0.0,0.0,0,0,0,False,(),,
2021/07/20/11:08:36.083514,12647,1626772117,756021976,,22.3608398438,0.557435631752,0.0,12.4647302628,0.0,0.0,0,0,0,False,(),,
2021/07/20/11:08:36.122388,12648,1626772117,795991897,,22.3608398438,0.564068734646,0.0,12.6130504608,0.0,0.0,0,0,0,False,(),,
2021/07/20/11:08:36.161269,12649,1626772117,835695981,,22.3608398438,0.557435631752,0.0,12.4647302628,0.0,0.0,0,0,0,False,(),,
2021/07/20/11:08:36.201844,12650,1626772117,875914096,,22.3608398438,0.557435631752,0.0,12.4647302628,0.0,0.0,0,0,0,False,(),,
2021/07/20/11:08:36.283165,12651,1626772117,915359020,,22.3608398438,0.564068734646,0.0,12.6130504608,0.0,0.0,0,0,0,False,(),,
2021/07/20/11:08:36.302207,12652,1626772117,955607891,,22.3608398438,0.557435631752,0.0,12.4647302628,0.0,0.0,0,0,0,False,(),,
2021/07/20/11:08:36.322420,12653,1626772117,996001005,,22.3608398438,0.564068734646,0.0,12.6130504608,0.0,0.0,0,0,0,False,(),,
2021/07/20/11:08:36.362653,12654,1626772118,35764932,,22.3608398438,0.564068734646,0.0,12.6130504608,0.0,0.0,0,0,0,False,(),,
2021/07/20/11:08:36.402235,12655,1626772118,75850963,,22.3608398438,0.557435631752,0.0,12.4647302628,0.0,0.0,0,0,0,False,(),,
2021/07/20/11:08:36.453699,12656,1626772118,115983009,,22.3608398438,0.564068734646,0.0,12.6130504608,0.0,0.0,0,0,0,False,(),,
2021/07/20/11:08:36.506811,12657,1626772118,155607938,,22.3608398438,0.557435631752,0.0,12.4647302628,0.0,0.0,0,0,0,False,(),,
2021/07/20/11:08:36.521550,12658,1626772118,195935964,,22.3608398438,0.550802588463,0.0,12.316409111,0.0,0.0,0,0,0,False,(),,
2021/07/20/11:08:36.561770,12659,1626772118,235960006,,22.3608398438,0.557435631752,0.0,12.4647302628,0.0,0.0,0,0,0,False,(),,
2021/07/20/11:08:36.604850,12660,1626772118,275969982,,22.3608398438,0.557435631752,0.0,12.4647302628,0.0,0.0,0,0,0,False,(),,
2021/07/20/11:08:36.642376,12661,1626772118,315834045,,22.3608398438,0.570701777935,0.0,12.7613716125,0.0,0.0,0,0,0,False,(),,
2021/07/20/11:08:36.683600,12662,1626772118,356053113,,22.3608398438,0.557435631752,0.0,12.4647302628,0.0,0.0,0,0,0,False,(),,
2021/07/20/11:08:36.721486,12663,1626772118,395845890,,22.3608398438,0.570701777935,0.0,12.7613716125,0.0,0.0,0,0,0,False,(),,
2021/07/20/11:08:36.762297,12664,1626772118,436029911,,22.3608398438,0.570701777935,0.0,12.7613716125,0.0,0.0,0,0,0,False,(),,
2021/07/20/11:08:36.974906,12665,1626772118,475902080,,22.3608398438,0.557435631752,0.0,12.4647302628,0.0,0.0,0,0,0,False,(),,
2021/07/20/11:08:36.974935,12666,1626772118,516055107,,22.3608398438,0.557435631752,0.0,12.4647302628,0.0,0.0,0,0,0,False,(),,
2021/07/20/11:08:36.974940,12667,1626772118,555854082,,22.3608398438,0.550802588463,0.0,12.316409111,0.0,0.0,0,0,0,False,(),,
2021/07/20/11:08:36.974948,12668,1626772118,595777988,,22.3824996948,0.557435631752,0.0,12.4768037796,0.0,0.0,0,0,0,False,(),,
2021/07/20/11:08:36.974955,12669,1626772118,635947942,,22.3608398438,0.557435631752,0.0,12.4647302628,0.0,0.0,0,0,0,False,(),,
2021/07/20/11:08:37.002040,12670,1626772118,675869941,,22.3608398438,0.557435631752,0.0,12.4647302628,0.0,0.0,0,0,0,False,(),,
2021/07/20/11:08:37.042474,12671,1626772118,715632915,,22.3608398438,0.564068734646,0.0,12.6130504608,0.0,0.0,0,0,0,False,(),,
2021/07/20/11:08:37.082011,12672,1626772118,755774021,,22.3608398438,0.564068734646,0.0,12.6130504608,0.0,0.0,0,0,0,False,(),,
2021/07/20/11:08:37.122316,12673,1626772118,796802043,,22.3608398438,0.564068734646,0.0,12.6130504608,0.0,0.0,0,0,0,False,(),,
2021/07/20/11:08:37.162297,12674,1626772118,835915088,,22.3608398438,0.570701777935,0.0,12.7613716125,0.0,0.0,0,0,0,False,(),,
2021/07/20/11:08:37.204403,12675,1626772118,875921010,,22.3608398438,0.564068734646,0.0,12.6130504608,0.0,0.0,0,0,0,False,(),,
2021/07/20/11:08:37.243235,12676,1626772118,915893077,,22.3608398438,0.570701777935,0.0,12.7613716125,0.0,0.0,0,0,0,False,(),,
2021/07/20/11:08:37.282101,12677,1626772118,955775976,,22.3608398438,0.564068734646,0.0,12.6130504608,0.0,0.0,0,0,0,False,(),,
2021/07/20/11:08:37.321406,12678,1626772118,995896100,,22.3608398438,0.577334821224,0.0,12.9096918106,0.0,0.0,0,0,0,False,(),,
2021/07/20/11:08:37.362109,12679,1626772119,36010980,,22.3608398438,0.570701777935,0.0,12.7613716125,0.0,0.0,0,0,0,False,(),,
2021/07/20/11:08:37.401430,12680,1626772119,75885057,,22.3608398438,0.564068734646,0.0,12.6130504608,0.0,0.0,0,0,0,False,(),,
2021/07/20/11:08:37.441784,12681,1626772119,115895986,,22.3608398438,0.557435631752,0.0,12.4647302628,0.0,0.0,0,0,0,False,(),,
2021/07/20/11:08:37.483336,12682,1626772119,155747890,,22.3608398438,0.564068734646,0.0,12.6130504608,0.0,0.0,0,0,0,False,(),,
2021/07/20/11:08:37.521718,12683,1626772119,195974111,,22.3608398438,0.564068734646,0.0,12.6130504608,0.0,0.0,0,0,0,False,(),,
2021/07/20/11:08:37.562032,12684,1626772119,235951900,,22.3608398438,0.570701777935,0.0,12.7613716125,0.0,0.0,0,0,0,False,(),,
2021/07/20/11:08:37.602386,12685,1626772119,275949954,,22.3608398438,0.564068734646,0.0,12.6130504608,0.0,0.0,0,0,0,False,(),,
2021/07/20/11:08:37.642064,12686,1626772119,315973997,,22.3608398438,0.564068734646,0.0,12.6130504608,0.0,0.0,0,0,0,False,(),,
2021/07/20/11:08:37.681812,12687,1626772119,355751991,,22.3608398438,0.564068734646,0.0,12.6130504608,0.0,0.0,0,0,0,False,(),,
2021/07/20/11:08:37.723094,12688,1626772119,395940065,,22.3608398438,0.564068734646,0.0,12.6130504608,0.0,0.0,0,0,0,False,(),,
2021/07/20/11:08:37.764287,12689,1626772119,435676097,,22.3608398438,0.570701777935,0.0,12.7613716125,0.0,0.0,0,0,0,False,(),,
2021/07/20/11:08:37.972933,12690,1626772119,475691080,,22.3608398438,0.564068734646,0.0,12.6130504608,0.0,0.0,0,0,0,False,(),,
2021/07/20/11:08:37.972957,12691,1626772119,516144037,,22.3608398438,0.564068734646,0.0,12.6130504608,0.0,0.0,0,0,0,False,(),,
2021/07/20/11:08:37.972978,12692,1626772119,555908918,,22.3608398438,0.564068734646,0.0,12.6130504608,0.0,0.0,0,0,0,False,(),,
2021/07/20/11:08:37.972989,12693,1626772119,595927000,,22.3608398438,0.557435631752,0.0,12.4647302628,0.0,0.0,0,0,0,False,(),,
2021/07/20/11:08:37.973000,12694,1626772119,635616064,,22.3608398438,0.570701777935,0.0,12.7613716125,0.0,0.0,0,0,0,False,(),,
2021/07/20/11:08:38.041423,12695,1626772119,675895929,,22.3608398438,0.564068734646,0.0,12.6130504608,0.0,0.0,0,0,0,False,(),,
2021/07/20/11:08:38.043801,12696,1626772119,716764926,,22.3608398438,0.564068734646,0.0,12.6130504608,0.0,0.0,0,0,0,False,(),,
2021/07/20/11:08:38.082013,12697,1626772119,756064891,,22.3608398438,0.577334821224,0.0,12.9096918106,0.0,0.0,0,0,0,False,(),,
2021/07/20/11:08:38.121392,12698,1626772119,796013116,,22.3608398438,0.577334821224,0.0,12.9096918106,0.0,0.0,0,0,0,False,(),,
2021/07/20/11:08:38.161064,12699,1626772119,835757970,,22.3608398438,0.570701777935,0.0,12.7613716125,0.0,0.0,0,0,0,False,(),,
2021/07/20/11:08:38.201640,12700,1626772119,875679969,,22.3608398438,0.557435631752,0.0,12.4647302628,0.0,0.0,0,0,0,False,(),,
2021/07/20/11:08:38.241089,12701,1626772119,915441036,,22.3608398438,0.564068734646,0.0,12.6130504608,0.0,0.0,0,0,0,False,(),,
2021/07/20/11:08:38.281195,12702,1626772119,955734968,,22.3608398438,0.577334821224,0.0,12.9096918106,0.0,0.0,0,0,0,False,(),,
2021/07/20/11:08:38.322575,12703,1626772119,995995998,,22.3608398438,0.564068734646,0.0,12.6130504608,0.0,0.0,0,0,0,False,(),,
2021/07/20/11:08:38.361345,12704,1626772120,36029100,,22.3608398438,0.564068734646,0.0,12.6130504608,0.0,0.0,0,0,0,False,(),,
2021/07/20/11:08:38.402267,12705,1626772120,75618982,,22.3608398438,0.557435631752,0.0,12.4647302628,0.0,0.0,0,0,0,False,(),,
2021/07/20/11:08:38.448127,12706,1626772120,116038084,,22.3608398438,0.557435631752,0.0,12.4647302628,0.0,0.0,0,0,0,False,(),,
2021/07/20/11:08:38.484547,12707,1626772120,155898094,,22.3608398438,0.557435631752,0.0,12.4647302628,0.0,0.0,0,0,0,False,(),,
2021/07/20/11:08:38.524418,12708,1626772120,196096897,,22.3608398438,0.550802588463,0.0,12.316409111,0.0,0.0,0,0,0,False,(),,
2021/07/20/11:08:38.566175,12709,1626772120,235907077,,22.3608398438,0.577334821224,0.0,12.9096918106,0.0,0.0,0,0,0,False,(),,
2021/07/20/11:08:38.601352,12710,1626772120,275981903,,22.3608398438,0.557435631752,0.0,12.4647302628,0.0,0.0,0,0,0,False,(),,
2021/07/20/11:08:38.641399,12711,1626772120,315733909,,22.3608398438,0.550802588463,0.0,12.316409111,0.0,0.0,0,0,0,False,(),,
2021/07/20/11:08:38.682563,12712,1626772120,356007099,,22.3824996948,0.557435631752,0.0,12.4768037796,0.0,0.0,0,0,0,False,(),,
2021/07/20/11:08:38.722169,12713,1626772120,396023035,,22.3608398438,0.557435631752,0.0,12.4647302628,0.0,0.0,0,0,0,False,(),,
2021/07/20/11:08:38.761266,12714,1626772120,435899019,,22.3608398438,0.564068734646,0.0,12.6130504608,0.0,0.0,0,0,0,False,(),,
2021/07/20/11:08:38.973122,12715,1626772120,475708961,,22.3608398438,0.557435631752,0.0,12.4647302628,0.0,0.0,0,0,0,False,(),,
2021/07/20/11:08:38.973134,12716,1626772120,515758037,,22.3608398438,0.557435631752,0.0,12.4647302628,0.0,0.0,0,0,0,False,(),,
2021/07/20/11:08:38.973155,12717,1626772120,555756092,,22.3608398438,0.557435631752,0.0,12.4647302628,0.0,0.0,0,0,0,False,(),,
2021/07/20/11:08:38.973176,12718,1626772120,595712900,,22.3608398438,0.557435631752,0.0,12.4647302628,0.0,0.0,0,0,0,False,(),,
2021/07/20/11:08:38.973182,12719,1626772120,635936021,,22.3608398438,0.557435631752,0.0,12.4647302628,0.0,0.0,0,0,0,False,(),,
2021/07/20/11:08:39.011121,12720,1626772120,675617933,,22.3608398438,0.557435631752,0.0,12.4647302628,0.0,0.0,0,0,0,False,(),,
2021/07/20/11:08:39.042289,12721,1626772120,716068983,,22.3608398438,0.564068734646,0.0,12.6130504608,0.0,0.0,0,0,0,False,(),,
2021/07/20/11:08:39.081663,12722,1626772120,756043910,,22.3608398438,0.570701777935,0.0,12.7613716125,0.0,0.0,0,0,0,False,(),,
2021/07/20/11:08:39.121411,12723,1626772120,795990943,,22.3608398438,0.550802588463,0.0,12.316409111,0.0,0.0,0,0,0,False,(),,
2021/07/20/11:08:39.162128,12724,1626772120,836273908,,22.3608398438,0.557435631752,0.0,12.4647302628,0.0,0.0,0,0,0,False,(),,
2021/07/20/11:08:39.202215,12725,1626772120,875690937,,22.3608398438,0.557435631752,0.0,12.4647302628,0.0,0.0,0,0,0,False,(),,
2021/07/20/11:08:39.241783,12726,1626772120,915929079,,22.3608398438,0.564068734646,0.0,12.6130504608,0.0,0.0,0,0,0,False,(),,
2021/07/20/11:08:39.282573,12727,1626772120,956180095,,22.3608398438,0.557435631752,0.0,12.4647302628,0.0,0.0,0,0,0,False,(),,
2021/07/20/11:08:39.322653,12728,1626772120,995930910,,22.3608398438,0.564068734646,0.0,12.6130504608,0.0,0.0,0,0,0,False,(),,
2021/07/20/11:08:39.361737,12729,1626772121,35868883,,22.3608398438,0.557435631752,0.0,12.4647302628,0.0,0.0,0,0,0,False,(),,
2021/07/20/11:08:39.402470,12730,1626772121,75978040,,22.3608398438,0.550802588463,0.0,12.316409111,0.0,0.0,0,0,0,False,(),,
2021/07/20/11:08:39.442022,12731,1626772121,115725994,,22.3608398438,0.564068734646,0.0,12.6130504608,0.0,0.0,0,0,0,False,(),,
2021/07/20/11:08:39.483671,12732,1626772121,155931949,,22.3824996948,0.557435631752,0.0,12.4768037796,0.0,0.0,0,0,0,False,(),,
2021/07/20/11:08:39.522435,12733,1626772121,195966005,,22.3608398438,0.564068734646,0.0,12.6130504608,0.0,0.0,0,0,0,False,(),,
2021/07/20/11:08:39.562382,12734,1626772121,235917091,,22.3608398438,0.564068734646,0.0,12.6130504608,0.0,0.0,0,0,0,False,(),,
2021/07/20/11:08:39.602483,12735,1626772121,275912046,,22.3608398438,0.557435631752,0.0,12.4647302628,0.0,0.0,0,0,0,False,(),,
2021/07/20/11:08:39.641629,12736,1626772121,316004991,,22.3608398438,0.564068734646,0.0,12.6130504608,0.0,0.0,0,0,0,False,(),,
2021/07/20/11:08:39.682235,12737,1626772121,355870962,,22.3608398438,0.557435631752,0.0,12.4647302628,0.0,0.0,0,0,0,False,(),,
2021/07/20/11:08:39.724744,12738,1626772121,395942926,,22.3608398438,0.564068734646,0.0,12.6130504608,0.0,0.0,0,0,0,False,(),,
2021/07/20/11:08:39.764084,12739,1626772121,435929059,,22.3608398438,0.557435631752,0.0,12.4647302628,0.0,0.0,0,0,0,False,(),,
2021/07/20/11:08:39.972494,12740,1626772121,475847005,,22.3608398438,0.557435631752,0.0,12.4647302628,0.0,0.0,0,0,0,False,(),,
2021/07/20/11:08:39.972512,12741,1626772121,515996932,,22.3608398438,0.557435631752,0.0,12.4647302628,0.0,0.0,0,0,0,False,(),,
2021/07/20/11:08:39.972518,12742,1626772121,555980920,,22.3608398438,0.564068734646,0.0,12.6130504608,0.0,0.0,0,0,0,False,(),,
2021/07/20/11:08:39.972539,12743,1626772121,595541954,,22.3608398438,0.557435631752,0.0,12.4647302628,0.0,0.0,0,0,0,False,(),,
2021/07/20/11:08:39.972557,12744,1626772121,635972976,,22.3608398438,0.557435631752,0.0,12.4647302628,0.0,0.0,0,0,0,False,(),,
2021/07/20/11:08:40.045095,12745,1626772121,675829887,,22.3608398438,0.557435631752,0.0,12.4647302628,0.0,0.0,0,0,0,False,(),,
2021/07/20/11:08:40.046548,12746,1626772121,716134071,,22.3608398438,0.557435631752,0.0,12.4647302628,0.0,0.0,0,0,0,False,(),,
2021/07/20/11:08:40.083314,12747,1626772121,755965948,,22.3608398438,0.570701777935,0.0,12.7613716125,0.0,0.0,0,0,0,False,(),,
2021/07/20/11:08:40.121795,12748,1626772121,795763969,,22.3608398438,0.557435631752,0.0,12.4647302628,0.0,0.0,0,0,0,False,(),,
2021/07/20/11:08:40.161633,12749,1626772121,835886955,,22.3608398438,0.404875308275,0.0,9.05335235596,0.0,0.0,0,0,0,False,(),,
2021/07/20/11:08:40.202566,12750,1626772121,875991106,,22.3608398438,0.3186455369,0.0,7.12518167496,0.0,0.0,0,0,0,False,(),,
2021/07/20/11:08:40.241104,12751,1626772121,915517091,,22.3824996948,0.3186455369,0.0,7.13208341599,0.0,0.0,0,0,0,False,(),,
2021/07/20/11:08:40.282884,12752,1626772121,955632925,,22.3824996948,0.3186455369,0.0,7.13208341599,0.0,0.0,0,0,0,False,(),,
2021/07/20/11:08:40.321267,12753,1626772121,995716094,,22.3824996948,0.3186455369,0.0,7.13208341599,0.0,0.0,0,0,0,False,(),,
2021/07/20/11:08:40.365890,12754,1626772122,36099910,,22.3608398438,0.3186455369,0.0,7.12518167496,0.0,0.0,0,0,0,False,(),,
2021/07/20/11:08:40.402258,12755,1626772122,75949907,,22.3608398438,0.3186455369,0.0,7.12518167496,0.0,0.0,0,0,0,False,(),,
2021/07/20/11:08:40.443546,12756,1626772122,115695953,,22.3608398438,0.3186455369,0.0,7.12518167496,0.0,0.0,0,0,0,False,(),,
2021/07/20/11:08:40.497240,12757,1626772122,155968904,,22.3824996948,0.3186455369,0.0,7.13208341599,0.0,0.0,0,0,0,False,(),,
2021/07/20/11:08:40.524398,12758,1626772122,195959091,,22.3608398438,0.3186455369,0.0,7.12518167496,0.0,0.0,0,0,0,False,(),,
2021/07/20/11:08:40.562447,12759,1626772122,235940933,,22.3824996948,0.325278580189,0.0,7.28054761887,0.0,0.0,0,0,0,False,(),,
2021/07/20/11:08:40.603120,12760,1626772122,276175975,,22.3824996948,0.3186455369,0.0,7.13208341599,0.0,0.0,0,0,0,False,(),,
2021/07/20/11:08:40.653850,12761,1626772122,316032886,,22.3608398438,0.325278580189,0.0,7.27350282669,0.0,0.0,0,0,0,False,(),,
2021/07/20/11:08:40.681543,12762,1626772122,355618000,,22.3824996948,0.325278580189,0.0,7.28054761887,0.0,0.0,0,0,0,False,(),,
2021/07/20/11:08:40.722391,12763,1626772122,395886898,,22.3824996948,0.312012463808,0.0,6.98361873627,0.0,0.0,0,0,0,False,(),,
2021/07/20/11:08:40.761934,12764,1626772122,435921907,,22.3824996948,0.325278580189,0.0,7.28054761887,0.0,0.0,0,0,0,False,(),,
2021/07/20/11:08:40.972252,12765,1626772122,475935935,,22.3824996948,0.3186455369,0.0,7.13208341599,0.0,0.0,0,0,0,False,(),,
2021/07/20/11:08:40.972265,12766,1626772122,515841960,,22.3824996948,0.312012463808,0.0,6.98361873627,0.0,0.0,0,0,0,False,(),,
2021/07/20/11:08:40.972283,12767,1626772122,555710077,,22.3824996948,0.3186455369,0.0,7.13208341599,0.0,0.0,0,0,0,False,(),,
2021/07/20/11:08:40.972347,12768,1626772122,595877885,,22.3824996948,0.3186455369,0.0,7.13208341599,0.0,0.0,0,0,0,False,(),,
2021/07/20/11:08:40.972357,12769,1626772122,635919094,,22.3824996948,0.325278580189,0.0,7.28054761887,0.0,0.0,0,0,0,False,(),,
2021/07/20/11:08:41.048189,12770,1626772122,675977945,,22.3824996948,0.312012463808,0.0,6.98361873627,0.0,0.0,0,0,0,False,(),,
2021/07/20/11:08:41.048196,12771,1626772122,715653896,,22.3824996948,0.3186455369,0.0,7.13208341599,0.0,0.0,0,0,0,False,(),,
2021/07/20/11:08:41.083312,12772,1626772122,756022930,,22.3608398438,0.33191165328,0.0,7.42182350159,0.0,0.0,0,0,0,False,(),,
2021/07/20/11:08:41.121833,12773,1626772122,795933008,,22.3824996948,0.325278580189,0.0,7.28054761887,0.0,0.0,0,0,0,False,(),,
2021/07/20/11:08:41.161810,12774,1626772122,835817098,,22.3608398438,0.3186455369,0.0,7.12518167496,0.0,0.0,0,0,0,False,(),,
2021/07/20/11:08:41.203672,12775,1626772122,875956058,,22.3824996948,0.305379420519,0.0,6.83515453339,0.0,0.0,0,0,0,False,(),,
2021/07/20/11:08:41.241187,12776,1626772122,915740013,,22.3608398438,0.3186455369,0.0,7.12518167496,0.0,0.0,0,0,0,False,(),,
2021/07/20/11:08:41.281595,12777,1626772122,955719947,,22.3608398438,0.3186455369,0.0,7.12518167496,0.0,0.0,0,0,0,False,(),,
2021/07/20/11:08:41.321088,12778,1626772122,995656967,,22.3824996948,0.3186455369,0.0,7.13208341599,0.0,0.0,0,0,0,False,(),,
2021/07/20/11:08:41.363010,12779,1626772123,36046028,,22.3824996948,0.484472006559,0.0,10.8436946869,0.0,0.0,0,0,0,False,(),,
2021/07/20/11:08:41.403351,12780,1626772123,76071023,,22.3608398438,0.537536501884,0.0,12.0197677612,0.0,0.0,0,0,0,False,(),,
2021/07/20/11:08:41.442254,12781,1626772123,115984916,,22.3608398438,0.564068734646,0.0,12.6130504608,0.0,0.0,0,0,0,False,(),,
2021/07/20/11:08:41.482386,12782,1626772123,155606985,,22.3608398438,0.597234010696,0.0,13.3546543121,0.0,0.0,0,0,0,False,(),,
2021/07/20/11:08:41.522228,12783,1626772123,196348905,,22.3608398438,0.610500156879,0.0,13.6512956619,0.0,0.0,0,0,0,False,(),,
2021/07/20/11:08:41.562354,12784,1626772123,236016035,,22.3608398438,0.603867053986,0.0,13.5029754639,0.0,0.0,0,0,0,False,(),,
2021/07/20/11:08:41.602570,12785,1626772123,275881052,,22.3608398438,0.590600967407,0.0,13.2063341141,0.0,0.0,0,0,0,False,(),,
2021/07/20/11:08:41.642151,12786,1626772123,315836906,,22.3608398438,0.590600967407,0.0,13.2063341141,0.0,0.0,0,0,0,False,(),,
2021/07/20/11:08:41.681655,12787,1626772123,355982065,,22.3608398438,0.583967924118,0.0,13.0580129623,0.0,0.0,0,0,0,False,(),,
2021/07/20/11:08:41.722972,12788,1626772123,395626068,,22.3608398438,0.583967924118,0.0,13.0580129623,0.0,0.0,0,0,0,False,(),,
2021/07/20/11:08:41.761923,12789,1626772123,435842037,,22.3608398438,0.577334821224,0.0,12.9096918106,0.0,0.0,0,0,0,False,(),,
2021/07/20/11:08:41.972191,12790,1626772123,475928068,,22.3608398438,0.570701777935,0.0,12.7613716125,0.0,0.0,0,0,0,False,(),,
2021/07/20/11:08:41.972208,12791,1626772123,515866994,,22.3608398438,0.577334821224,0.0,12.9096918106,0.0,0.0,0,0,0,False,(),,
2021/07/20/11:08:41.972228,12792,1626772123,555888891,,22.3608398438,0.570701777935,0.0,12.7613716125,0.0,0.0,0,0,0,False,(),,
2021/07/20/11:08:41.972236,12793,1626772123,595715045,,22.3608398438,0.570701777935,0.0,12.7613716125,0.0,0.0,0,0,0,False,(),,
2021/07/20/11:08:41.972247,12794,1626772123,636014938,,22.3608398438,0.583967924118,0.0,13.0580129623,0.0,0.0,0,0,0,False,(),,
2021/07/20/11:08:42.030949,12795,1626772123,675949096,,22.3608398438,0.583967924118,0.0,13.0580129623,0.0,0.0,0,0,0,False,(),,
2021/07/20/11:08:42.041613,12796,1626772123,715770006,,22.3608398438,0.583967924118,0.0,13.0580129623,0.0,0.0,0,0,0,False,(),,
2021/07/20/11:08:42.082391,12797,1626772123,756587028,,22.3608398438,0.577334821224,0.0,12.9096918106,0.0,0.0,0,0,0,False,(),,
2021/07/20/11:08:42.122622,12798,1626772123,796189069,,22.3608398438,0.577334821224,0.0,12.9096918106,0.0,0.0,0,0,0,False,(),,
2021/07/20/11:08:42.162563,12799,1626772123,835805892,,22.3608398438,0.570701777935,0.0,12.7613716125,0.0,0.0,0,0,0,False,(),,
2021/07/20/11:08:42.202044,12800,1626772123,875943899,,22.3608398438,0.583967924118,0.0,13.0580129623,0.0,0.0,0,0,0,False,(),,
2021/07/20/11:08:42.240930,12801,1626772123,915394067,,22.3608398438,0.590600967407,0.0,13.2063341141,0.0,0.0,0,0,0,False,(),,
2021/07/20/11:08:42.281436,12802,1626772123,955656051,,22.3608398438,0.583967924118,0.0,13.0580129623,0.0,0.0,0,0,0,False,(),,
2021/07/20/11:08:42.325391,12803,1626772123,995668888,,22.3608398438,0.577334821224,0.0,12.9096918106,0.0,0.0,0,0,0,False,(),,
2021/07/20/11:08:42.362229,12804,1626772124,35659074,,22.3608398438,0.577334821224,0.0,12.9096918106,0.0,0.0,0,0,0,False,(),,
2021/07/20/11:08:42.401463,12805,1626772124,75905084,,22.3608398438,0.583967924118,0.0,13.0580129623,0.0,0.0,0,0,0,False,(),,
2021/07/20/11:08:42.442793,12806,1626772124,116509914,,22.3608398438,0.583967924118,0.0,13.0580129623,0.0,0.0,0,0,0,False,(),,
2021/07/20/11:08:42.484254,12807,1626772124,155940055,,22.3608398438,0.577334821224,0.0,12.9096918106,0.0,0.0,0,0,0,False,(),,
2021/07/20/11:08:42.522451,12808,1626772124,195898056,,22.3608398438,0.577334821224,0.0,12.9096918106,0.0,0.0,0,0,0,False,(),,
2021/07/20/11:08:42.561023,12809,1626772124,235716104,,22.3608398438,0.577334821224,0.0,12.9096918106,0.0,0.0,0,0,0,False,(),,
2021/07/20/11:08:42.601543,12810,1626772124,275671005,,22.3608398438,0.577334821224,0.0,12.9096918106,0.0,0.0,0,0,0,False,(),,
2021/07/20/11:08:42.645063,12811,1626772124,315937995,,22.3608398438,0.577334821224,0.0,12.9096918106,0.0,0.0,0,0,0,False,(),,
2021/07/20/11:08:42.681659,12812,1626772124,355918884,,22.3608398438,0.583967924118,0.0,13.0580129623,0.0,0.0,0,0,0,False,(),,
2021/07/20/11:08:42.722421,12813,1626772124,395975112,,22.3608398438,0.583967924118,0.0,13.0580129623,0.0,0.0,0,0,0,False,(),,
2021/07/20/11:08:42.763442,12814,1626772124,435612916,,22.3608398438,0.570701777935,0.0,12.7613716125,0.0,0.0,0,0,0,False,(),,
2021/07/20/11:08:42.972987,12815,1626772124,476026058,,22.3608398438,0.570701777935,0.0,12.7613716125,0.0,0.0,0,0,0,False,(),,
2021/07/20/11:08:42.973005,12816,1626772124,515682935,,22.3608398438,0.583967924118,0.0,13.0580129623,0.0,0.0,0,0,0,False,(),,
2021/07/20/11:08:42.973012,12817,1626772124,555757999,,22.3608398438,0.577334821224,0.0,12.9096918106,0.0,0.0,0,0,0,False,(),,
2021/07/20/11:08:42.973031,12818,1626772124,596026897,,22.3608398438,0.570701777935,0.0,12.7613716125,0.0,0.0,0,0,0,False,(),,
2021/07/20/11:08:42.973037,12819,1626772124,635514974,,22.3608398438,0.577334821224,0.0,12.9096918106,0.0,0.0,0,0,0,False,(),,
2021/07/20/11:08:43.012906,12820,1626772124,675754070,,22.3608398438,0.590600967407,0.0,13.2063341141,0.0,0.0,0,0,0,False,(),,
2021/07/20/11:08:43.041915,12821,1626772124,715620994,,22.3608398438,0.590600967407,0.0,13.2063341141,0.0,0.0,0,0,0,False,(),,
2021/07/20/11:08:43.082729,12822,1626772124,755669116,,22.3608398438,0.583967924118,0.0,13.0580129623,0.0,0.0,0,0,0,False,(),,
2021/07/20/11:08:43.122045,12823,1626772124,795989990,,22.3608398438,0.577334821224,0.0,12.9096918106,0.0,0.0,0,0,0,False,(),,
2021/07/20/11:08:43.162559,12824,1626772124,836364030,,22.3608398438,0.590600967407,0.0,13.2063341141,0.0,0.0,0,0,0,False,(),,
2021/07/20/11:08:43.202289,12825,1626772124,875921010,,22.3608398438,0.583967924118,0.0,13.0580129623,0.0,0.0,0,0,0,False,(),,
2021/07/20/11:08:43.247054,12826,1626772124,915978908,,22.3608398438,0.583967924118,0.0,13.0580129623,0.0,0.0,0,0,0,False,(),,
2021/07/20/11:08:43.281194,12827,1626772124,955838918,,22.3608398438,0.583967924118,0.0,13.0580129623,0.0,0.0,0,0,0,False,(),,
2021/07/20/11:08:43.322271,12828,1626772124,995635032,,22.3608398438,0.583967924118,0.0,13.0580129623,0.0,0.0,0,0,0,False,(),,
2021/07/20/11:08:43.362124,12829,1626772125,35912990,,22.3608398438,0.583967924118,0.0,13.0580129623,0.0,0.0,0,0,0,False,(),,
2021/07/20/11:08:43.402235,12830,1626772125,76076030,,22.3608398438,0.583967924118,0.0,13.0580129623,0.0,0.0,0,0,0,False,(),,
2021/07/20/11:08:43.441868,12831,1626772125,116029024,,22.3608398438,0.590600967407,0.0,13.2063341141,0.0,0.0,0,0,0,False,(),,
2021/07/20/11:08:43.481749,12832,1626772125,156066894,,22.3608398438,0.597234010696,0.0,13.3546543121,0.0,0.0,0,0,0,False,(),,
2021/07/20/11:08:43.523119,12833,1626772125,196105003,,22.3608398438,0.583967924118,0.0,13.0580129623,0.0,0.0,0,0,0,False,(),,
2021/07/20/11:08:43.566117,12834,1626772125,235959053,,22.3608398438,0.583967924118,0.0,13.0580129623,0.0,0.0,0,0,0,False,(),,
2021/07/20/11:08:43.601048,12835,1626772125,275608062,,22.3608398438,0.597234010696,0.0,13.3546543121,0.0,0.0,0,0,0,False,(),,
2021/07/20/11:08:43.643898,12836,1626772125,315990924,,22.3608398438,0.583967924118,0.0,13.0580129623,0.0,0.0,0,0,0,False,(),,
2021/07/20/11:08:43.682309,12837,1626772125,355839014,,22.3608398438,0.583967924118,0.0,13.0580129623,0.0,0.0,0,0,0,False,(),,
2021/07/20/11:08:43.722242,12838,1626772125,395934104,,22.3608398438,0.583967924118,0.0,13.0580129623,0.0,0.0,0,0,0,False,(),,
2021/07/20/11:08:43.761757,12839,1626772125,435906887,,22.3608398438,0.590600967407,0.0,13.2063341141,0.0,0.0,0,0,0,False,(),,
2021/07/20/11:08:43.975314,12840,1626772125,475686073,,22.3608398438,0.577334821224,0.0,12.9096918106,0.0,0.0,0,0,0,False,(),,
2021/07/20/11:08:43.975327,12841,1626772125,515707015,,22.3608398438,0.583967924118,0.0,13.0580129623,0.0,0.0,0,0,0,False,(),,
2021/07/20/11:08:43.975337,12842,1626772125,555780887,,22.3608398438,0.577334821224,0.0,12.9096918106,0.0,0.0,0,0,0,False,(),,
2021/07/20/11:08:43.975351,12843,1626772125,595961093,,22.3608398438,0.577334821224,0.0,12.9096918106,0.0,0.0,0,0,0,False,(),,
2021/07/20/11:08:43.975364,12844,1626772125,635873079,,22.3608398438,0.583967924118,0.0,13.0580129623,0.0,0.0,0,0,0,False,(),,
2021/07/20/11:08:44.008579,12845,1626772125,676062107,,22.3608398438,0.590600967407,0.0,13.2063341141,0.0,0.0,0,0,0,False,(),,
2021/07/20/11:08:44.040843,12846,1626772125,715471029,,22.3608398438,0.597234010696,0.0,13.3546543121,0.0,0.0,0,0,0,False,(),,
2021/07/20/11:08:44.081015,12847,1626772125,755645036,,22.3608398438,0.583967924118,0.0,13.0580129623,0.0,0.0,0,0,0,False,(),,
2021/07/20/11:08:44.121817,12848,1626772125,795656919,,22.3608398438,0.577334821224,0.0,12.9096918106,0.0,0.0,0,0,0,False,(),,
2021/07/20/11:08:44.161846,12849,1626772125,835762977,,22.3608398438,0.577334821224,0.0,12.9096918106,0.0,0.0,0,0,0,False,(),,
2021/07/20/11:08:44.203954,12850,1626772125,875943899,,22.3608398438,0.583967924118,0.0,13.0580129623,0.0,0.0,0,0,0,False,(),,
2021/07/20/11:08:44.240977,12851,1626772125,915402889,,22.3608398438,0.590600967407,0.0,13.2063341141,0.0,0.0,0,0,0,False,(),,
2021/07/20/11:08:44.281848,12852,1626772125,955415964,,22.3608398438,0.590600967407,0.0,13.2063341141,0.0,0.0,0,0,0,False,(),,
2021/07/20/11:08:44.321390,12853,1626772125,995966911,,22.3608398438,0.577334821224,0.0,12.9096918106,0.0,0.0,0,0,0,False,(),,
2021/07/20/11:08:44.363928,12854,1626772126,36341905,,22.3608398438,0.583967924118,0.0,13.0580129623,0.0,0.0,0,0,0,False,(),,
2021/07/20/11:08:44.402167,12855,1626772126,76113939,,22.3608398438,0.583967924118,0.0,13.0580129623,0.0,0.0,0,0,0,False,(),,
2021/07/20/11:08:44.441633,12856,1626772126,115889072,,22.3608398438,0.583967924118,0.0,13.0580129623,0.0,0.0,0,0,0,False,(),,
2021/07/20/11:08:44.483197,12857,1626772126,155921936,,22.3608398438,0.583967924118,0.0,13.0580129623,0.0,0.0,0,0,0,False,(),,
2021/07/20/11:08:44.522468,12858,1626772126,196022987,,22.3608398438,0.583967924118,0.0,13.0580129623,0.0,0.0,0,0,0,False,(),,
2021/07/20/11:08:44.561533,12859,1626772126,235941886,,22.3608398438,0.583967924118,0.0,13.0580129623,0.0,0.0,0,0,0,False,(),,
2021/07/20/11:08:44.601455,12860,1626772126,275748968,,22.3608398438,0.570701777935,0.0,12.7613716125,0.0,0.0,0,0,0,False,(),,
2021/07/20/11:08:44.641788,12861,1626772126,315623044,,22.3608398438,0.583967924118,0.0,13.0580129623,0.0,0.0,0,0,0,False,(),,
2021/07/20/11:08:44.682238,12862,1626772126,355699062,,22.3608398438,0.577334821224,0.0,12.9096918106,0.0,0.0,0,0,0,False,(),,
2021/07/20/11:08:44.721420,12863,1626772126,395755052,,22.3608398438,0.577334821224,0.0,12.9096918106,0.0,0.0,0,0,0,False,(),,
2021/07/20/11:08:44.762083,12864,1626772126,435887098,,22.3608398438,0.577334821224,0.0,12.9096918106,0.0,0.0,0,0,0,False,(),,
2021/07/20/11:08:44.977377,12865,1626772126,475986003,,22.3608398438,0.577334821224,0.0,12.9096918106,0.0,0.0,0,0,0,False,(),,
2021/07/20/11:08:44.977382,12866,1626772126,515712976,,22.3608398438,0.583967924118,0.0,13.0580129623,0.0,0.0,0,0,0,False,(),,
2021/07/20/11:08:44.977386,12867,1626772126,555974960,,22.3608398438,0.564068734646,0.0,12.6130504608,0.0,0.0,0,0,0,False,(),,
2021/07/20/11:08:44.977406,12868,1626772126,595567941,,22.3608398438,0.577334821224,0.0,12.9096918106,0.0,0.0,0,0,0,False,(),,
2021/07/20/11:08:44.977415,12869,1626772126,635695934,,22.3608398438,0.577334821224,0.0,12.9096918106,0.0,0.0,0,0,0,False,(),,
2021/07/20/11:08:45.044059,12870,1626772126,675977945,,22.3608398438,0.577334821224,0.0,12.9096918106,0.0,0.0,0,0,0,False,(),,
2021/07/20/11:08:45.045550,12871,1626772126,716144084,,22.3608398438,0.570701777935,0.0,12.7613716125,0.0,0.0,0,0,0,False,(),,
2021/07/20/11:08:45.082353,12872,1626772126,756020069,,22.3608398438,0.583967924118,0.0,13.0580129623,0.0,0.0,0,0,0,False,(),,
2021/07/20/11:08:45.122862,12873,1626772126,796926975,,22.3608398438,0.597234010696,0.0,13.3546543121,0.0,0.0,0,0,0,False,(),,
2021/07/20/11:08:45.162636,12874,1626772126,835750102,,22.3608398438,0.570701777935,0.0,12.7613716125,0.0,0.0,0,0,0,False,(),,
2021/07/20/11:08:45.201867,12875,1626772126,876038074,,22.3608398438,0.570701777935,0.0,12.7613716125,0.0,0.0,0,0,0,False,(),,
2021/07/20/11:08:45.243979,12876,1626772126,915756940,,22.3608398438,0.583967924118,0.0,13.0580129623,0.0,0.0,0,0,0,False,(),,
2021/07/20/11:08:45.282729,12877,1626772126,956144094,,22.3608398438,0.583967924118,0.0,13.0580129623,0.0,0.0,0,0,0,False,(),,
2021/07/20/11:08:45.321846,12878,1626772126,995929956,,22.3608398438,0.577334821224,0.0,12.9096918106,0.0,0.0,0,0,0,False,(),,
2021/07/20/11:08:45.361247,12879,1626772127,35866975,,22.3608398438,0.570701777935,0.0,12.7613716125,0.0,0.0,0,0,0,False,(),,
2021/07/20/11:08:45.402420,12880,1626772127,75989007,,22.3608398438,0.570701777935,0.0,12.7613716125,0.0,0.0,0,0,0,False,(),,
2021/07/20/11:08:45.441586,12881,1626772127,115866899,,22.3608398438,0.577334821224,0.0,12.9096918106,0.0,0.0,0,0,0,False,(),,
2021/07/20/11:08:45.481920,12882,1626772127,155586957,,22.3608398438,0.570701777935,0.0,12.7613716125,0.0,0.0,0,0,0,False,(),,
2021/07/20/11:08:45.522156,12883,1626772127,196046113,,22.3608398438,0.570701777935,0.0,12.7613716125,0.0,0.0,0,0,0,False,(),,
2021/07/20/11:08:45.562625,12884,1626772127,235734939,,22.3608398438,0.570701777935,0.0,12.7613716125,0.0,0.0,0,0,0,False,(),,
2021/07/20/11:08:45.602073,12885,1626772127,275913000,,22.3608398438,0.577334821224,0.0,12.9096918106,0.0,0.0,0,0,0,False,(),,
2021/07/20/11:08:45.643224,12886,1626772127,316068887,,22.3608398438,0.577334821224,0.0,12.9096918106,0.0,0.0,0,0,0,False,(),,
2021/07/20/11:08:45.681010,12887,1626772127,355694055,,22.3608398438,0.577334821224,0.0,12.9096918106,0.0,0.0,0,0,0,False,(),,
2021/07/20/11:08:45.722060,12888,1626772127,395606994,,22.3608398438,0.570701777935,0.0,12.7613716125,0.0,0.0,0,0,0,False,(),,
2021/07/20/11:08:45.771087,12889,1626772127,435689926,,22.3608398438,0.597234010696,0.0,13.3546543121,0.0,0.0,0,0,0,False,(),,
2021/07/20/11:08:45.973382,12890,1626772127,476013898,,22.3608398438,0.583967924118,0.0,13.0580129623,0.0,0.0,0,0,0,False,(),,
2021/07/20/11:08:45.973402,12891,1626772127,515948057,,22.3608398438,0.583967924118,0.0,13.0580129623,0.0,0.0,0,0,0,False,(),,
2021/07/20/11:08:45.973412,12892,1626772127,555732011,,22.3608398438,0.583967924118,0.0,13.0580129623,0.0,0.0,0,0,0,False,(),,
2021/07/20/11:08:45.973421,12893,1626772127,595989942,,22.3608398438,0.583967924118,0.0,13.0580129623,0.0,0.0,0,0,0,False,(),,
2021/07/20/11:08:45.973454,12894,1626772127,635765075,,22.3608398438,0.577334821224,0.0,12.9096918106,0.0,0.0,0,0,0,False,(),,
2021/07/20/11:08:46.031356,12895,1626772127,675610065,,22.3608398438,0.590600967407,0.0,13.2063341141,0.0,0.0,0,0,0,False,(),,
2021/07/20/11:08:46.041619,12896,1626772127,715744972,,22.3608398438,0.583967924118,0.0,13.0580129623,0.0,0.0,0,0,0,False,(),,
2021/07/20/11:08:46.082618,12897,1626772127,756042957,,22.3608398438,0.590600967407,0.0,13.2063341141,0.0,0.0,0,0,0,False,(),,
2021/07/20/11:08:46.124789,12898,1626772127,795759916,,22.3608398438,0.590600967407,0.0,13.2063341141,0.0,0.0,0,0,0,False,(),,
2021/07/20/11:08:46.161321,12899,1626772127,835905075,,22.3608398438,0.597234010696,0.0,13.3546543121,0.0,0.0,0,0,0,False,(),,
2021/07/20/11:08:46.203269,12900,1626772127,876076936,,22.3608398438,0.583967924118,0.0,13.0580129623,0.0,0.0,0,0,0,False,(),,
2021/07/20/11:08:46.244478,12901,1626772127,915446043,,22.3608398438,0.597234010696,0.0,13.3546543121,0.0,0.0,0,0,0,False,(),,
2021/07/20/11:08:46.282227,12902,1626772127,955709934,,22.3608398438,0.577334821224,0.0,12.9096918106,0.0,0.0,0,0,0,False,(),,
2021/07/20/11:08:46.323986,12903,1626772127,996046066,,22.3608398438,0.583967924118,0.0,13.0580129623,0.0,0.0,0,0,0,False,(),,
2021/07/20/11:08:46.361522,12904,1626772128,35957098,,22.3608398438,0.577334821224,0.0,12.9096918106,0.0,0.0,0,0,0,False,(),,
2021/07/20/11:08:46.401346,12905,1626772128,75973987,,22.3608398438,0.583967924118,0.0,13.0580129623,0.0,0.0,0,0,0,False,(),,
2021/07/20/11:08:46.442106,12906,1626772128,115612983,,22.3608398438,0.577334821224,0.0,12.9096918106,0.0,0.0,0,0,0,False,(),,
2021/07/20/11:08:46.496707,12907,1626772128,155659914,,22.3608398438,0.583967924118,0.0,13.0580129623,0.0,0.0,0,0,0,False,(),,
2021/07/20/11:08:46.521876,12908,1626772128,196083068,,22.3608398438,0.583967924118,0.0,13.0580129623,0.0,0.0,0,0,0,False,(),,
2021/07/20/11:08:46.561869,12909,1626772128,235989093,,22.3608398438,0.590600967407,0.0,13.2063341141,0.0,0.0,0,0,0,False,(),,
2021/07/20/11:08:46.602229,12910,1626772128,276041030,,22.3608398438,0.590600967407,0.0,13.2063341141,0.0,0.0,0,0,0,False,(),,
2021/07/20/11:08:46.642595,12911,1626772128,316083908,,22.3608398438,0.577334821224,0.0,12.9096918106,0.0,0.0,0,0,0,False,(),,
2021/07/20/11:08:46.681321,12912,1626772128,355732917,,22.3608398438,0.577334821224,0.0,12.9096918106,0.0,0.0,0,0,0,False,(),,
2021/07/20/11:08:46.721913,12913,1626772128,395629882,,22.3608398438,0.590600967407,0.0,13.2063341141,0.0,0.0,0,0,0,False,(),,
2021/07/20/11:08:46.761506,12914,1626772128,435700893,,22.3608398438,0.577334821224,0.0,12.9096918106,0.0,0.0,0,0,0,False,(),,
2021/07/20/11:08:46.972168,12915,1626772128,475728034,,22.3608398438,0.577334821224,0.0,12.9096918106,0.0,0.0,0,0,0,False,(),,
2021/07/20/11:08:46.972182,12916,1626772128,515789031,,22.3608398438,0.577334821224,0.0,12.9096918106,0.0,0.0,0,0,0,False,(),,
2021/07/20/11:08:46.972189,12917,1626772128,555716037,,22.3608398438,0.583967924118,0.0,13.0580129623,0.0,0.0,0,0,0,False,(),,
2021/07/20/11:08:46.972214,12918,1626772128,596082925,,22.3608398438,0.583967924118,0.0,13.0580129623,0.0,0.0,0,0,0,False,(),,
2021/07/20/11:08:46.972226,12919,1626772128,635562896,,22.3608398438,0.577334821224,0.0,12.9096918106,0.0,0.0,0,0,0,False,(),,
2021/07/20/11:08:47.008456,12920,1626772128,675992965,,22.3608398438,0.570701777935,0.0,12.7613716125,0.0,0.0,0,0,0,False,(),,
2021/07/20/11:08:47.042240,12921,1626772128,715955018,,22.3608398438,0.590600967407,0.0,13.2063341141,0.0,0.0,0,0,0,False,(),,
2021/07/20/11:08:47.081631,12922,1626772128,755947113,,22.3608398438,0.583967924118,0.0,13.0580129623,0.0,0.0,0,0,0,False,(),,
2021/07/20/11:08:47.137455,12923,1626772128,795988082,,22.3608398438,0.583967924118,0.0,13.0580129623,0.0,0.0,0,0,0,False,(),,
2021/07/20/11:08:47.161266,12924,1626772128,835814952,,22.3608398438,0.577334821224,0.0,12.9096918106,0.0,0.0,0,0,0,False,(),,
2021/07/20/11:08:47.201253,12925,1626772128,875663042,,22.3608398438,0.577334821224,0.0,12.9096918106,0.0,0.0,0,0,0,False,(),,
2021/07/20/11:08:47.241910,12926,1626772128,915957927,,22.3608398438,0.577334821224,0.0,12.9096918106,0.0,0.0,0,0,0,False,(),,
2021/07/20/11:08:47.282078,12927,1626772128,955965995,,22.3608398438,0.570701777935,0.0,12.7613716125,0.0,0.0,0,0,0,False,(),,
2021/07/20/11:08:47.321429,12928,1626772128,995779991,,22.3608398438,0.577334821224,0.0,12.9096918106,0.0,0.0,0,0,0,False,(),,
2021/07/20/11:08:47.363158,12929,1626772129,36047935,,22.3608398438,0.577334821224,0.0,12.9096918106,0.0,0.0,0,0,0,False,(),,
2021/07/20/11:08:47.405190,12930,1626772129,76025009,,22.3608398438,0.577334821224,0.0,12.9096918106,0.0,0.0,0,0,0,False,(),,
2021/07/20/11:08:47.443135,12931,1626772129,115632057,,22.3608398438,0.570701777935,0.0,12.7613716125,0.0,0.0,0,0,0,False,(),,
2021/07/20/11:08:47.482198,12932,1626772129,155905008,,22.3608398438,0.577334821224,0.0,12.9096918106,0.0,0.0,0,0,0,False,(),,
2021/07/20/11:08:47.522496,12933,1626772129,196046113,,22.3608398438,0.577334821224,0.0,12.9096918106,0.0,0.0,0,0,0,False,(),,
2021/07/20/11:08:47.562526,12934,1626772129,235918998,,22.3608398438,0.577334821224,0.0,12.9096918106,0.0,0.0,0,0,0,False,(),,
2021/07/20/11:08:47.601720,12935,1626772129,275887012,,22.3608398438,0.570701777935,0.0,12.7613716125,0.0,0.0,0,0,0,False,(),,
2021/07/20/11:08:47.640993,12936,1626772129,315618038,,22.3608398438,0.577334821224,0.0,12.9096918106,0.0,0.0,0,0,0,False,(),,
2021/07/20/11:08:47.681239,12937,1626772129,355659008,,22.3608398438,0.564068734646,0.0,12.6130504608,0.0,0.0,0,0,0,False,(),,
2021/07/20/11:08:47.721268,12938,1626772129,395770072,,22.3608398438,0.325278580189,0.0,7.27350282669,0.0,0.0,0,0,0,False,(),,
2021/07/20/11:08:47.770804,12939,1626772129,435954093,,22.3608398438,0.325278580189,0.0,7.27350282669,0.0,0.0,0,0,0,False,(),,
2021/07/20/11:08:47.971987,12940,1626772129,475863933,,22.3608398438,0.325278580189,0.0,7.27350282669,0.0,0.0,0,0,0,False,(),,
2021/07/20/11:08:47.971997,12941,1626772129,516109943,,22.3608398438,0.3186455369,0.0,7.12518167496,0.0,0.0,0,0,0,False,(),,
2021/07/20/11:08:47.972004,12942,1626772129,555908918,,22.3608398438,0.3186455369,0.0,7.12518167496,0.0,0.0,0,0,0,False,(),,
2021/07/20/11:08:47.972013,12943,1626772129,595792055,,22.3608398438,0.3186455369,0.0,7.12518167496,0.0,0.0,0,0,0,False,(),,
2021/07/20/11:08:47.972046,12944,1626772129,635746955,,22.3608398438,0.305379420519,0.0,6.82854032516,0.0,0.0,0,0,0,False,(),,
2021/07/20/11:08:48.023021,12945,1626772129,675779104,,22.3608398438,0.312012463808,0.0,6.97686100006,0.0,0.0,0,0,0,False,(),,
2021/07/20/11:08:48.041109,12946,1626772129,715651035,,22.3824996948,0.325278580189,0.0,7.28054761887,0.0,0.0,0,0,0,False,(),,
2021/07/20/11:08:48.081326,12947,1626772129,755657911,,22.3824996948,0.3186455369,0.0,7.13208341599,0.0,0.0,0,0,0,False,(),,
2021/07/20/11:08:48.125826,12948,1626772129,796192884,,22.3608398438,0.325278580189,0.0,7.27350282669,0.0,0.0,0,0,0,False,(),,
2021/07/20/11:08:48.162455,12949,1626772129,835894107,,22.3824996948,0.325278580189,0.0,7.28054761887,0.0,0.0,0,0,0,False,(),,
2021/07/20/11:08:48.202016,12950,1626772129,875895023,,22.3608398438,0.3186455369,0.0,7.12518167496,0.0,0.0,0,0,0,False,(),,
2021/07/20/11:08:48.240595,12951,1626772129,915313959,,22.3608398438,0.325278580189,0.0,7.27350282669,0.0,0.0,0,0,0,False,(),,
2021/07/20/11:08:48.281512,12952,1626772129,955707073,,22.3608398438,0.338544696569,0.0,7.57014417648,0.0,0.0,0,0,0,False,(),,
2021/07/20/11:08:48.322153,12953,1626772129,995718002,,22.3608398438,0.3186455369,0.0,7.12518167496,0.0,0.0,0,0,0,False,(),,
2021/07/20/11:08:48.362207,12954,1626772130,35949945,,22.3608398438,0.3186455369,0.0,7.12518167496,0.0,0.0,0,0,0,False,(),,
2021/07/20/11:08:48.401887,12955,1626772130,75949907,,22.3824996948,0.3186455369,0.0,7.13208341599,0.0,0.0,0,0,0,False,(),,
2021/07/20/11:08:48.440878,12956,1626772130,115519046,,22.3824996948,0.3186455369,0.0,7.13208341599,0.0,0.0,0,0,0,False,(),,
2021/07/20/11:08:48.481051,12957,1626772130,155328035,,22.3608398438,0.312012463808,0.0,6.97686100006,0.0,0.0,0,0,0,False,(),,
2021/07/20/11:08:48.522495,12958,1626772130,195878982,,22.3824996948,0.3186455369,0.0,7.13208341599,0.0,0.0,0,0,0,False,(),,
2021/07/20/11:08:48.562498,12959,1626772130,235971927,,22.3608398438,0.3186455369,0.0,7.12518167496,0.0,0.0,0,0,0,False,(),,
2021/07/20/11:08:48.602497,12960,1626772130,276052951,,22.3824996948,0.3186455369,0.0,7.13208341599,0.0,0.0,0,0,0,False,(),,
2021/07/20/11:08:48.642298,12961,1626772130,315870046,,22.3824996948,0.3186455369,0.0,7.13208341599,0.0,0.0,0,0,0,False,(),,
2021/07/20/11:08:48.688260,12962,1626772130,355763912,,22.3608398438,0.325278580189,0.0,7.27350282669,0.0,0.0,0,0,0,False,(),,
2021/07/20/11:08:48.721644,12963,1626772130,395909070,,22.3608398438,0.312012463808,0.0,6.97686100006,0.0,0.0,0,0,0,False,(),,
2021/07/20/11:08:48.767365,12964,1626772130,435565948,,22.3608398438,0.3186455369,0.0,7.12518167496,0.0,0.0,0,0,0,False,(),,
2021/07/20/11:08:48.971749,12965,1626772130,475825071,,22.3608398438,0.325278580189,0.0,7.27350282669,0.0,0.0,0,0,0,False,(),,
2021/07/20/11:08:48.971775,12966,1626772130,515749931,,22.3824996948,0.3186455369,0.0,7.13208341599,0.0,0.0,0,0,0,False,(),,
2021/07/20/11:08:48.971791,12967,1626772130,555885076,,22.3608398438,0.305379420519,0.0,6.82854032516,0.0,0.0,0,0,0,False,(),,
2021/07/20/11:08:48.971807,12968,1626772130,595607995,,22.3608398438,0.325278580189,0.0,7.27350282669,0.0,0.0,0,0,0,False,(),,
2021/07/20/11:08:48.971818,12969,1626772130,636008977,,22.3608398438,0.325278580189,0.0,7.27350282669,0.0,0.0,0,0,0,False,(),,
2021/07/20/11:08:49.006901,12970,1626772130,675941944,,22.3608398438,0.3186455369,0.0,7.12518167496,0.0,0.0,0,0,0,False,(),,
2021/07/20/11:08:49.042912,12971,1626772130,715996026,,22.3824996948,0.3186455369,0.0,7.13208341599,0.0,0.0,0,0,0,False,(),,
2021/07/20/11:08:49.082372,12972,1626772130,755744934,,22.3608398438,0.49773812294,0.0,11.1298427582,0.0,0.0,0,0,0,False,(),,
2021/07/20/11:08:49.122473,12973,1626772130,796089887,,22.3608398438,0.550802588463,0.0,12.316409111,0.0,0.0,0,0,0,False,(),,
2021/07/20/11:08:49.162035,12974,1626772130,835757970,,22.3608398438,0.570701777935,0.0,12.7613716125,0.0,0.0,0,0,0,False,(),,
2021/07/20/11:08:49.201604,12975,1626772130,876070022,,22.3608398438,0.597234010696,0.0,13.3546543121,0.0,0.0,0,0,0,False,(),,
2021/07/20/11:08:49.240675,12976,1626772130,915688037,,22.3608398438,0.597234010696,0.0,13.3546543121,0.0,0.0,0,0,0,False,(),,
2021/07/20/11:08:49.293719,12977,1626772130,955636024,,22.3608398438,0.597234010696,0.0,13.3546543121,0.0,0.0,0,0,0,False,(),,
2021/07/20/11:08:49.321908,12978,1626772130,995758056,,22.3608398438,0.597234010696,0.0,13.3546543121,0.0,0.0,0,0,0,False,(),,
2021/07/20/11:08:49.362255,12979,1626772131,36273956,,22.3608398438,0.590600967407,0.0,13.2063341141,0.0,0.0,0,0,0,False,(),,
2021/07/20/11:08:49.402341,12980,1626772131,75692892,,22.3608398438,0.583967924118,0.0,13.0580129623,0.0,0.0,0,0,0,False,(),,
2021/07/20/11:08:49.441863,12981,1626772131,116020917,,22.3608398438,0.583967924118,0.0,13.0580129623,0.0,0.0,0,0,0,False,(),,
2021/07/20/11:08:49.481754,12982,1626772131,155790090,,22.3608398438,0.583967924118,0.0,13.0580129623,0.0,0.0,0,0,0,False,(),,
2021/07/20/11:08:49.522054,12983,1626772131,195736885,,22.3608398438,0.577334821224,0.0,12.9096918106,0.0,0.0,0,0,0,False,(),,
2021/07/20/11:08:49.561857,12984,1626772131,235754966,,22.3608398438,0.577334821224,0.0,12.9096918106,0.0,0.0,0,0,0,False,(),,
2021/07/20/11:08:49.601859,12985,1626772131,275863885,,22.3608398438,0.577334821224,0.0,12.9096918106,0.0,0.0,0,0,0,False,(),,
2021/07/20/11:08:49.641692,12986,1626772131,316221952,,22.3608398438,0.577334821224,0.0,12.9096918106,0.0,0.0,0,0,0,False,(),,
2021/07/20/11:08:49.681943,12987,1626772131,356024026,,22.3608398438,0.577334821224,0.0,12.9096918106,0.0,0.0,0,0,0,False,(),,
2021/07/20/11:08:49.721486,12988,1626772131,395994901,,22.3608398438,0.590600967407,0.0,13.2063341141,0.0,0.0,0,0,0,False,(),,
2021/07/20/11:08:49.763621,12989,1626772131,435808897,,22.3608398438,0.590600967407,0.0,13.2063341141,0.0,0.0,0,0,0,False,(),,
2021/07/20/11:08:49.972641,12990,1626772131,475884914,,22.3608398438,0.577334821224,0.0,12.9096918106,0.0,0.0,0,0,0,False,(),,
2021/07/20/11:08:49.972664,12991,1626772131,515773057,,22.3608398438,0.577334821224,0.0,12.9096918106,0.0,0.0,0,0,0,False,(),,
2021/07/20/11:08:49.972671,12992,1626772131,555763006,,22.3608398438,0.577334821224,0.0,12.9096918106,0.0,0.0,0,0,0,False,(),,
2021/07/20/11:08:49.972676,12993,1626772131,595906972,,22.3608398438,0.583967924118,0.0,13.0580129623,0.0,0.0,0,0,0,False,(),,
2021/07/20/11:08:49.972693,12994,1626772131,635938882,,22.3608398438,0.583967924118,0.0,13.0580129623,0.0,0.0,0,0,0,False,(),,
2021/07/20/11:08:50.020280,12995,1626772131,675441026,,22.3608398438,0.583967924118,0.0,13.0580129623,0.0,0.0,0,0,0,False,(),,
2021/07/20/11:08:50.042574,12996,1626772131,715590953,,22.3608398438,0.583967924118,0.0,13.0580129623,0.0,0.0,0,0,0,False,(),,
2021/07/20/11:08:50.081439,12997,1626772131,755919933,,22.3608398438,0.597234010696,0.0,13.3546543121,0.0,0.0,0,0,0,False,(),,
2021/07/20/11:08:50.121198,12998,1626772131,795759916,,22.3608398438,0.590600967407,0.0,13.2063341141,0.0,0.0,0,0,0,False,(),,
2021/07/20/11:08:50.162547,12999,1626772131,835889101,,22.3608398438,0.583967924118,0.0,13.0580129623,0.0,0.0,0,0,0,False,(),,
2021/07/20/11:08:50.202383,13000,1626772131,876018047,,22.3608398438,0.590600967407,0.0,13.2063341141,0.0,0.0,0,0,0,False,(),,
2021/07/20/11:08:50.242302,13001,1626772131,915992021,,22.3608398438,0.597234010696,0.0,13.3546543121,0.0,0.0,0,0,0,False,(),,
2021/07/20/11:08:50.281265,13002,1626772131,955992937,,22.3608398438,0.577334821224,0.0,12.9096918106,0.0,0.0,0,0,0,False,(),,
2021/07/20/11:08:50.326999,13003,1626772131,995999097,,22.3608398438,0.583967924118,0.0,13.0580129623,0.0,0.0,0,0,0,False,(),,
2021/07/20/11:08:50.361969,13004,1626772132,35780906,,22.3608398438,0.583967924118,0.0,13.0580129623,0.0,0.0,0,0,0,False,(),,
2021/07/20/11:08:50.404032,13005,1626772132,75956106,,22.3608398438,0.590600967407,0.0,13.2063341141,0.0,0.0,0,0,0,False,(),,
2021/07/20/11:08:50.441210,13006,1626772132,115885972,,22.3608398438,0.590600967407,0.0,13.2063341141,0.0,0.0,0,0,0,False,(),,
2021/07/20/11:08:50.480742,13007,1626772132,155713081,,22.3608398438,0.590600967407,0.0,13.2063341141,0.0,0.0,0,0,0,False,(),,
2021/07/20/11:08:50.520591,13008,1626772132,195316076,,22.3608398438,0.577334821224,0.0,12.9096918106,0.0,0.0,0,0,0,False,(),,
2021/07/20/11:08:50.561894,13009,1626772132,235558986,,22.3608398438,0.590600967407,0.0,13.2063341141,0.0,0.0,0,0,0,False,(),,
2021/07/20/11:08:50.603456,13010,1626772132,276396989,,22.3608398438,0.597234010696,0.0,13.3546543121,0.0,0.0,0,0,0,False,(),,
2021/07/20/11:08:50.642312,13011,1626772132,316063880,,22.3608398438,0.590600967407,0.0,13.2063341141,0.0,0.0,0,0,0,False,(),,
2021/07/20/11:08:50.682383,13012,1626772132,355792045,,22.3608398438,0.590600967407,0.0,13.2063341141,0.0,0.0,0,0,0,False,(),,
2021/07/20/11:08:50.722574,13013,1626772132,396075010,,22.3608398438,0.597234010696,0.0,13.3546543121,0.0,0.0,0,0,0,False,(),,
2021/07/20/11:08:50.761450,13014,1626772132,436083078,,22.3608398438,0.597234010696,0.0,13.3546543121,0.0,0.0,0,0,0,False,(),,
2021/07/20/11:08:50.972325,13015,1626772132,475625991,,22.3608398438,0.597234010696,0.0,13.3546543121,0.0,0.0,0,0,0,False,(),,
2021/07/20/11:08:50.972352,13016,1626772132,515856981,,22.3608398438,0.597234010696,0.0,13.3546543121,0.0,0.0,0,0,0,False,(),,
2021/07/20/11:08:50.972365,13017,1626772132,555898904,,22.3608398438,0.597234010696,0.0,13.3546543121,0.0,0.0,0,0,0,False,(),,
2021/07/20/11:08:50.972376,13018,1626772132,596013069,,22.3608398438,0.597234010696,0.0,13.3546543121,0.0,0.0,0,0,0,False,(),,
2021/07/20/11:08:50.972387,13019,1626772132,635961055,,22.3608398438,0.590600967407,0.0,13.2063341141,0.0,0.0,0,0,0,False,(),,
2021/07/20/11:08:51.005330,13020,1626772132,675636053,,22.3608398438,0.590600967407,0.0,13.2063341141,0.0,0.0,0,0,0,False,(),,
2021/07/20/11:08:51.054706,13021,1626772132,715755939,,22.3608398438,0.597234010696,0.0,13.3546543121,0.0,0.0,0,0,0,False,(),,
2021/07/20/11:08:51.081590,13022,1626772132,756073951,,22.3608398438,0.603867053986,0.0,13.5029754639,0.0,0.0,0,0,0,False,(),,
2021/07/20/11:08:51.121898,13023,1626772132,796199083,,22.3608398438,0.597234010696,0.0,13.3546543121,0.0,0.0,0,0,0,False,(),,
2021/07/20/11:08:51.162410,13024,1626772132,835968017,,22.3608398438,0.590600967407,0.0,13.2063341141,0.0,0.0,0,0,0,False,(),,
2021/07/20/11:08:51.201652,13025,1626772132,875775098,,22.3608398438,0.597234010696,0.0,13.3546543121,0.0,0.0,0,0,0,False,(),,
2021/07/20/11:08:51.247300,13026,1626772132,915946960,,22.3608398438,0.590600967407,0.0,13.2063341141,0.0,0.0,0,0,0,False,(),,
2021/07/20/11:08:51.281739,13027,1626772132,955821037,,22.3608398438,0.577334821224,0.0,12.9096918106,0.0,0.0,0,0,0,False,(),,
2021/07/20/11:08:51.323301,13028,1626772132,995991945,,22.3608398438,0.590600967407,0.0,13.2063341141,0.0,0.0,0,0,0,False,(),,
2021/07/20/11:08:51.361945,13029,1626772133,35768985,,22.3608398438,0.590600967407,0.0,13.2063341141,0.0,0.0,0,0,0,False,(),,
2021/07/20/11:08:51.401633,13030,1626772133,75798988,,22.3608398438,0.597234010696,0.0,13.3546543121,0.0,0.0,0,0,0,False,(),,
2021/07/20/11:08:51.441329,13031,1626772133,115916967,,22.3608398438,0.577334821224,0.0,12.9096918106,0.0,0.0,0,0,0,False,(),,
2021/07/20/11:08:51.481843,13032,1626772133,155637979,,22.3608398438,0.590600967407,0.0,13.2063341141,0.0,0.0,0,0,0,False,(),,
2021/07/20/11:08:51.522208,13033,1626772133,195684909,,22.3608398438,0.590600967407,0.0,13.2063341141,0.0,0.0,0,0,0,False,(),,
2021/07/20/11:08:51.561871,13034,1626772133,236012935,,22.3608398438,0.590600967407,0.0,13.2063341141,0.0,0.0,0,0,0,False,(),,
2021/07/20/11:08:51.602167,13035,1626772133,276170969,,22.3608398438,0.577334821224,0.0,12.9096918106,0.0,0.0,0,0,0,False,(),,
2021/07/20/11:08:51.657123,13036,1626772133,315953016,,22.3608398438,0.577334821224,0.0,12.9096918106,0.0,0.0,0,0,0,False,(),,
2021/07/20/11:08:51.681572,13037,1626772133,356064081,,22.3608398438,0.597234010696,0.0,13.3546543121,0.0,0.0,0,0,0,False,(),,
2021/07/20/11:08:51.723560,13038,1626772133,395909070,,22.3608398438,0.577334821224,0.0,12.9096918106,0.0,0.0,0,0,0,False,(),,
2021/07/20/11:08:51.761647,13039,1626772133,435565948,,22.3608398438,0.590600967407,0.0,13.2063341141,0.0,0.0,0,0,0,False,(),,
2021/07/20/11:08:51.971994,13040,1626772133,475656986,,22.3608398438,0.583967924118,0.0,13.0580129623,0.0,0.0,0,0,0,False,(),,
2021/07/20/11:08:51.972015,13041,1626772133,515994071,,22.3608398438,0.583967924118,0.0,13.0580129623,0.0,0.0,0,0,0,False,(),,
2021/07/20/11:08:51.972021,13042,1626772133,555943965,,22.3608398438,0.583967924118,0.0,13.0580129623,0.0,0.0,0,0,0,False,(),,
2021/07/20/11:08:51.972028,13043,1626772133,595779895,,22.3608398438,0.577334821224,0.0,12.9096918106,0.0,0.0,0,0,0,False,(),,
2021/07/20/11:08:51.972052,13044,1626772133,635850906,,22.3608398438,0.577334821224,0.0,12.9096918106,0.0,0.0,0,0,0,False,(),,
2021/07/20/11:08:52.001298,13045,1626772133,675638914,,22.3608398438,0.577334821224,0.0,12.9096918106,0.0,0.0,0,0,0,False,(),,
2021/07/20/11:08:52.042119,13046,1626772133,715683937,,22.3608398438,0.583967924118,0.0,13.0580129623,0.0,0.0,0,0,0,False,(),,
2021/07/20/11:08:52.081929,13047,1626772133,755903005,,22.3608398438,0.577334821224,0.0,12.9096918106,0.0,0.0,0,0,0,False,(),,
2021/07/20/11:08:52.122019,13048,1626772133,796017885,,22.3608398438,0.583967924118,0.0,13.0580129623,0.0,0.0,0,0,0,False,(),,
2021/07/20/11:08:52.166531,13049,1626772133,835872888,,22.3608398438,0.583967924118,0.0,13.0580129623,0.0,0.0,0,0,0,False,(),,
2021/07/20/11:08:52.201038,13050,1626772133,875771045,,22.3608398438,0.583967924118,0.0,13.0580129623,0.0,0.0,0,0,0,False,(),,
2021/07/20/11:08:52.241801,13051,1626772133,915687084,,22.3608398438,0.590600967407,0.0,13.2063341141,0.0,0.0,0,0,0,False,(),,
2021/07/20/11:08:52.282145,13052,1626772133,955703973,,22.3608398438,0.590600967407,0.0,13.2063341141,0.0,0.0,0,0,0,False,(),,
2021/07/20/11:08:52.322393,13053,1626772133,995910882,,22.3608398438,0.577334821224,0.0,12.9096918106,0.0,0.0,0,0,0,False,(),,
2021/07/20/11:08:52.361475,13054,1626772134,35999059,,22.3608398438,0.590600967407,0.0,13.2063341141,0.0,0.0,0,0,0,False,(),,
2021/07/20/11:08:52.402421,13055,1626772134,76001882,,22.3608398438,0.590600967407,0.0,13.2063341141,0.0,0.0,0,0,0,False,(),,
2021/07/20/11:08:52.441059,13056,1626772134,115458965,,22.3608398438,0.577334821224,0.0,12.9096918106,0.0,0.0,0,0,0,False,(),,
2021/07/20/11:08:52.481932,13057,1626772134,155447006,,22.3608398438,0.577334821224,0.0,12.9096918106,0.0,0.0,0,0,0,False,(),,
2021/07/20/11:08:52.524286,13058,1626772134,195883035,,22.3608398438,0.590600967407,0.0,13.2063341141,0.0,0.0,0,0,0,False,(),,
2021/07/20/11:08:52.566768,13059,1626772134,235615968,,22.3608398438,0.597234010696,0.0,13.3546543121,0.0,0.0,0,0,0,False,(),,
2021/07/20/11:08:52.601507,13060,1626772134,276020050,,22.3608398438,0.583967924118,0.0,13.0580129623,0.0,0.0,0,0,0,False,(),,
2021/07/20/11:08:52.641914,13061,1626772134,316024065,,22.3608398438,0.577334821224,0.0,12.9096918106,0.0,0.0,0,0,0,False,(),,
2021/07/20/11:08:52.682335,13062,1626772134,355690956,,22.3608398438,0.590600967407,0.0,13.2063341141,0.0,0.0,0,0,0,False,(),,
2021/07/20/11:08:52.722031,13063,1626772134,395926952,,22.3608398438,0.597234010696,0.0,13.3546543121,0.0,0.0,0,0,0,False,(),,
2021/07/20/11:08:52.788925,13064,1626772134,435583114,,22.3608398438,0.583967924118,0.0,13.0580129623,0.0,0.0,0,0,0,False,(),,
2021/07/20/11:08:52.980047,13065,1626772134,475923061,,22.3608398438,0.577334821224,0.0,12.9096918106,0.0,0.0,0,0,0,False,(),,
2021/07/20/11:08:52.980078,13066,1626772134,515872001,,22.3608398438,0.577334821224,0.0,12.9096918106,0.0,0.0,0,0,0,False,(),,
2021/07/20/11:08:52.980088,13067,1626772134,555886983,,22.3608398438,0.590600967407,0.0,13.2063341141,0.0,0.0,0,0,0,False,(),,
2021/07/20/11:08:52.980099,13068,1626772134,596050024,,22.3608398438,0.570701777935,0.0,12.7613716125,0.0,0.0,0,0,0,False,(),,
2021/07/20/11:08:52.980105,13069,1626772134,635684967,,22.3608398438,0.590600967407,0.0,13.2063341141,0.0,0.0,0,0,0,False,(),,
2021/07/20/11:08:53.054167,13070,1626772134,675843954,,22.3608398438,0.590600967407,0.0,13.2063341141,0.0,0.0,0,0,0,False,(),,
2021/07/20/11:08:53.054176,13071,1626772134,715790033,,22.3608398438,0.590600967407,0.0,13.2063341141,0.0,0.0,0,0,0,False,(),,
2021/07/20/11:08:53.095986,13072,1626772134,755916118,,22.3608398438,0.603867053986,0.0,13.5029754639,0.0,0.0,0,0,0,False,(),,
2021/07/20/11:08:53.121334,13073,1626772134,796001911,,22.3608398438,0.597234010696,0.0,13.3546543121,0.0,0.0,0,0,0,False,(),,
2021/07/20/11:08:53.162047,13074,1626772134,835952997,,22.3608398438,0.603867053986,0.0,13.5029754639,0.0,0.0,0,0,0,False,(),,
2021/07/20/11:08:53.201819,13075,1626772134,876012086,,22.3608398438,0.590600967407,0.0,13.2063341141,0.0,0.0,0,0,0,False,(),,
2021/07/20/11:08:53.242341,13076,1626772134,915682077,,22.3608398438,0.583967924118,0.0,13.0580129623,0.0,0.0,0,0,0,False,(),,
2021/07/20/11:08:53.283079,13077,1626772134,955939054,,22.3608398438,0.603867053986,0.0,13.5029754639,0.0,0.0,0,0,0,False,(),,
2021/07/20/11:08:53.321537,13078,1626772134,996005058,,22.3608398438,0.597234010696,0.0,13.3546543121,0.0,0.0,0,0,0,False,(),,
2021/07/20/11:08:53.362098,13079,1626772135,35957098,,22.3608398438,0.603867053986,0.0,13.5029754639,0.0,0.0,0,0,0,False,(),,
2021/07/20/11:08:53.402217,13080,1626772135,75989961,,22.3608398438,0.590600967407,0.0,13.2063341141,0.0,0.0,0,0,0,False,(),,
2021/07/20/11:08:53.441117,13081,1626772135,115848064,,22.3608398438,0.603867053986,0.0,13.5029754639,0.0,0.0,0,0,0,False,(),,
2021/07/20/11:08:53.485248,13082,1626772135,155683040,,22.3608398438,0.597234010696,0.0,13.3546543121,0.0,0.0,0,0,0,False,(),,
2021/07/20/11:08:53.524396,13083,1626772135,195672988,,22.3608398438,0.597234010696,0.0,13.3546543121,0.0,0.0,0,0,0,False,(),,
2021/07/20/11:08:53.561527,13084,1626772135,235935926,,22.3608398438,0.590600967407,0.0,13.2063341141,0.0,0.0,0,0,0,False,(),,
2021/07/20/11:08:53.605958,13085,1626772135,276032924,,22.3608398438,0.590600967407,0.0,13.2063341141,0.0,0.0,0,0,0,False,(),,
2021/07/20/11:08:53.642162,13086,1626772135,316025018,,22.3608398438,0.590600967407,0.0,13.2063341141,0.0,0.0,0,0,0,False,(),,
2021/07/20/11:08:53.681905,13087,1626772135,356362104,,22.3608398438,0.597234010696,0.0,13.3546543121,0.0,0.0,0,0,0,False,(),,
2021/07/20/11:08:53.721118,13088,1626772135,395695924,,22.3608398438,0.590600967407,0.0,13.2063341141,0.0,0.0,0,0,0,False,(),,
2021/07/20/11:08:53.762069,13089,1626772135,435575962,,22.3608398438,0.590600967407,0.0,13.2063341141,0.0,0.0,0,0,0,False,(),,
2021/07/20/11:08:53.972348,13090,1626772135,475610017,,22.3608398438,0.590600967407,0.0,13.2063341141,0.0,0.0,0,0,0,False,(),,
2021/07/20/11:08:53.972376,13091,1626772135,515769958,,22.3608398438,0.583967924118,0.0,13.0580129623,0.0,0.0,0,0,0,False,(),,
2021/07/20/11:08:53.972388,13092,1626772135,555751085,,22.3608398438,0.583967924118,0.0,13.0580129623,0.0,0.0,0,0,0,False,(),,
2021/07/20/11:08:53.972400,13093,1626772135,595961093,,22.3608398438,0.583967924118,0.0,13.0580129623,0.0,0.0,0,0,0,False,(),,
2021/07/20/11:08:53.972407,13094,1626772135,635590076,,22.3608398438,0.577334821224,0.0,12.9096918106,0.0,0.0,0,0,0,False,(),,
2021/07/20/11:08:54.028693,13095,1626772135,675899982,,22.3608398438,0.590600967407,0.0,13.2063341141,0.0,0.0,0,0,0,False,(),,
2021/07/20/11:08:54.042650,13096,1626772135,715944051,,22.3608398438,0.583967924118,0.0,13.0580129623,0.0,0.0,0,0,0,False,(),,
2021/07/20/11:08:54.082804,13097,1626772135,755892038,,22.3608398438,0.590600967407,0.0,13.2063341141,0.0,0.0,0,0,0,False,(),,
2021/07/20/11:08:54.122572,13098,1626772135,796040058,,22.3608398438,0.570701777935,0.0,12.7613716125,0.0,0.0,0,0,0,False,(),,
2021/07/20/11:08:54.162104,13099,1626772135,835684061,,22.3608398438,0.590600967407,0.0,13.2063341141,0.0,0.0,0,0,0,False,(),,
2021/07/20/11:08:54.204306,13100,1626772135,875890016,,22.3608398438,0.583967924118,0.0,13.0580129623,0.0,0.0,0,0,0,False,(),,
2021/07/20/11:08:54.241855,13101,1626772135,915987014,,22.3608398438,0.577334821224,0.0,12.9096918106,0.0,0.0,0,0,0,False,(),,
2021/07/20/11:08:54.282087,13102,1626772135,955725908,,22.3608398438,0.583967924118,0.0,13.0580129623,0.0,0.0,0,0,0,False,(),,
2021/07/20/11:08:54.322519,13103,1626772135,995955944,,22.3608398438,0.583967924118,0.0,13.0580129623,0.0,0.0,0,0,0,False,(),,
2021/07/20/11:08:54.364327,13104,1626772136,35789966,,22.3608398438,0.590600967407,0.0,13.2063341141,0.0,0.0,0,0,0,False,(),,
2021/07/20/11:08:54.401751,13105,1626772136,75969934,,22.3608398438,0.570701777935,0.0,12.7613716125,0.0,0.0,0,0,0,False,(),,
2021/07/20/11:08:54.441485,13106,1626772136,115719079,,22.3608398438,0.583967924118,0.0,13.0580129623,0.0,0.0,0,0,0,False,(),,
2021/07/20/11:08:54.483625,13107,1626772136,155884981,,22.3608398438,0.583967924118,0.0,13.0580129623,0.0,0.0,0,0,0,False,(),,
2021/07/20/11:08:54.521990,13108,1626772136,195889949,,22.3608398438,0.590600967407,0.0,13.2063341141,0.0,0.0,0,0,0,False,(),,
2021/07/20/11:08:54.561722,13109,1626772136,235754966,,22.3608398438,0.570701777935,0.0,12.7613716125,0.0,0.0,0,0,0,False,(),,
2021/07/20/11:08:54.601855,13110,1626772136,276209115,,22.3608398438,0.577334821224,0.0,12.9096918106,0.0,0.0,0,0,0,False,(),,
2021/07/20/11:08:54.641461,13111,1626772136,315671920,,22.3608398438,0.583967924118,0.0,13.0580129623,0.0,0.0,0,0,0,False,(),,
2021/07/20/11:08:54.682757,13112,1626772136,355870008,,22.3608398438,0.590600967407,0.0,13.2063341141,0.0,0.0,0,0,0,False,(),,
2021/07/20/11:08:54.722080,13113,1626772136,396043062,,22.3608398438,0.583967924118,0.0,13.0580129623,0.0,0.0,0,0,0,False,(),,
2021/07/20/11:08:54.761345,13114,1626772136,435414075,,22.3608398438,0.583967924118,0.0,13.0580129623,0.0,0.0,0,0,0,False,(),,
2021/07/20/11:08:54.953995,13115,1626772136,475666046,,22.3608398438,0.590600967407,0.0,13.2063341141,0.0,0.0,0,0,0,False,(),,
2021/07/20/11:08:54.954012,13116,1626772136,515594959,,22.3608398438,0.583967924118,0.0,13.0580129623,0.0,0.0,0,0,0,False,(),,
2021/07/20/11:08:54.954022,13117,1626772136,555849075,,22.3608398438,0.583967924118,0.0,13.0580129623,0.0,0.0,0,0,0,False,(),,
2021/07/20/11:08:54.954048,13118,1626772136,595885992,,22.3608398438,0.583967924118,0.0,13.0580129623,0.0,0.0,0,0,0,False,(),,
2021/07/20/11:08:54.961792,13119,1626772136,636013984,,22.3608398438,0.583967924118,0.0,13.0580129623,0.0,0.0,0,0,0,False,(),,
2021/07/20/11:08:55.002209,13120,1626772136,675959110,,22.3608398438,0.577334821224,0.0,12.9096918106,0.0,0.0,0,0,0,False,(),,
2021/07/20/11:08:55.041817,13121,1626772136,715929031,,22.3608398438,0.577334821224,0.0,12.9096918106,0.0,0.0,0,0,0,False,(),,
2021/07/20/11:08:55.083414,13122,1626772136,755918979,,22.3608398438,0.583967924118,0.0,13.0580129623,0.0,0.0,0,0,0,False,(),,
2021/07/20/11:08:55.127824,13123,1626772136,795861005,,22.3608398438,0.577334821224,0.0,12.9096918106,0.0,0.0,0,0,0,False,(),,
2021/07/20/11:08:55.162315,13124,1626772136,835911989,,22.3608398438,0.577334821224,0.0,12.9096918106,0.0,0.0,0,0,0,False,(),,
2021/07/20/11:08:55.202218,13125,1626772136,875755071,,22.3608398438,0.491105079651,0.0,10.9815216064,0.0,0.0,0,0,0,False,(),,
2021/07/20/11:08:55.241521,13126,1626772136,916157960,,22.3824996948,0.3186455369,0.0,7.13208341599,0.0,0.0,0,0,0,False,(),,
2021/07/20/11:08:55.281170,13127,1626772136,955914020,,22.3608398438,0.3186455369,0.0,7.12518167496,0.0,0.0,0,0,0,False,(),,
2021/07/20/11:08:55.322282,13128,1626772136,995784997,,22.3824996948,0.312012463808,0.0,6.98361873627,0.0,0.0,0,0,0,False,(),,
2021/07/20/11:08:55.361806,13129,1626772137,36060094,,22.3824996948,0.3186455369,0.0,7.13208341599,0.0,0.0,0,0,0,False,(),,
2021/07/20/11:08:55.401588,13130,1626772137,75710058,,22.3824996948,0.325278580189,0.0,7.28054761887,0.0,0.0,0,0,0,False,(),,
2021/07/20/11:08:55.444893,13131,1626772137,116087913,,22.3608398438,0.325278580189,0.0,7.27350282669,0.0,0.0,0,0,0,False,(),,
2021/07/20/11:08:55.481170,13132,1626772137,155728101,,22.3608398438,0.325278580189,0.0,7.27350282669,0.0,0.0,0,0,0,False,(),,
2021/07/20/11:08:55.521513,13133,1626772137,195869922,,22.3608398438,0.3186455369,0.0,7.12518167496,0.0,0.0,0,0,0,False,(),,
2021/07/20/11:08:55.561143,13134,1626772137,235625028,,22.3608398438,0.305379420519,0.0,6.82854032516,0.0,0.0,0,0,0,False,(),,
2021/07/20/11:08:55.601653,13135,1626772137,275723934,,22.3824996948,0.312012463808,0.0,6.98361873627,0.0,0.0,0,0,0,False,(),,
2021/07/20/11:08:55.649521,13136,1626772137,315802097,,22.3608398438,0.3186455369,0.0,7.12518167496,0.0,0.0,0,0,0,False,(),,
2021/07/20/11:08:55.681551,13137,1626772137,355676889,,22.3824996948,0.3186455369,0.0,7.13208341599,0.0,0.0,0,0,0,False,(),,
2021/07/20/11:08:55.722355,13138,1626772137,396051883,,22.3824996948,0.325278580189,0.0,7.28054761887,0.0,0.0,0,0,0,False,(),,
2021/07/20/11:08:55.762371,13139,1626772137,435940027,,22.3608398438,0.3186455369,0.0,7.12518167496,0.0,0.0,0,0,0,False,(),,
2021/07/20/11:08:55.971773,13140,1626772137,475790023,,22.3824996948,0.325278580189,0.0,7.28054761887,0.0,0.0,0,0,0,False,(),,
2021/07/20/11:08:55.971788,13141,1626772137,515950918,,22.3608398438,0.3186455369,0.0,7.12518167496,0.0,0.0,0,0,0,False,(),,
2021/07/20/11:08:55.971799,13142,1626772137,555680036,,22.3824996948,0.312012463808,0.0,6.98361873627,0.0,0.0,0,0,0,False,(),,
2021/07/20/11:08:55.971806,13143,1626772137,595712900,,22.3608398438,0.312012463808,0.0,6.97686100006,0.0,0.0,0,0,0,False,(),,
2021/07/20/11:08:55.971818,13144,1626772137,635912895,,22.3608398438,0.312012463808,0.0,6.97686100006,0.0,0.0,0,0,0,False,(),,
2021/07/20/11:08:56.001408,13145,1626772137,675926923,,22.3824996948,0.325278580189,0.0,7.28054761887,0.0,0.0,0,0,0,False,(),,
2021/07/20/11:08:56.041834,13146,1626772137,715884923,,22.3824996948,0.325278580189,0.0,7.28054761887,0.0,0.0,0,0,0,False,(),,
2021/07/20/11:08:56.082462,13147,1626772137,755939960,,22.3608398438,0.312012463808,0.0,6.97686100006,0.0,0.0,0,0,0,False,(),,
2021/07/20/11:08:56.121804,13148,1626772137,796032905,,22.3824996948,0.305379420519,0.0,6.83515453339,0.0,0.0,0,0,0,False,(),,
2021/07/20/11:08:56.162085,13149,1626772137,835633039,,22.3608398438,0.325278580189,0.0,7.27350282669,0.0,0.0,0,0,0,False,(),,
2021/07/20/11:08:56.202648,13150,1626772137,876019001,,22.3824996948,0.312012463808,0.0,6.98361873627,0.0,0.0,0,0,0,False,(),,
2021/07/20/11:08:56.240999,13151,1626772137,915431022,,22.3824996948,0.325278580189,0.0,7.28054761887,0.0,0.0,0,0,0,False,(),,
2021/07/20/11:08:56.281148,13152,1626772137,955718994,,22.3608398438,0.325278580189,0.0,7.27350282669,0.0,0.0,0,0,0,False,(),,
2021/07/20/11:08:56.321630,13153,1626772137,995703935,,22.3608398438,0.3186455369,0.0,7.12518167496,0.0,0.0,0,0,0,False,(),,
2021/07/20/11:08:56.364619,13154,1626772138,35728931,,22.3608398438,0.305379420519,0.0,6.82854032516,0.0,0.0,0,0,0,False,(),,
2021/07/20/11:08:56.402039,13155,1626772138,75735092,,22.3608398438,0.451306700706,0.0,10.0915975571,0.0,0.0,0,0,0,False,(),,
2021/07/20/11:08:56.443149,13156,1626772138,116729974,,22.3608398438,0.557435631752,0.0,12.4647302628,0.0,0.0,0,0,0,False,(),,
2021/07/20/11:08:56.481784,13157,1626772138,155859947,,22.3608398438,0.603867053986,0.0,13.5029754639,0.0,0.0,0,0,0,False,(),,
2021/07/20/11:08:56.521163,13158,1626772138,195758104,,22.3608398438,0.630399286747,0.0,14.0962581635,0.0,0.0,0,0,0,False,(),,
2021/07/20/11:08:56.562124,13159,1626772138,236802101,,22.3608398438,0.637032389641,0.0,14.2445793152,0.0,0.0,0,0,0,False,(),,
2021/07/20/11:08:56.601602,13160,1626772138,276190996,,22.3608398438,0.630399286747,0.0,14.0962581635,0.0,0.0,0,0,0,False,(),,
2021/07/20/11:08:56.642594,13161,1626772138,316028118,,22.3608398438,0.617133200169,0.0,13.7996168137,0.0,0.0,0,0,0,False,(),,
2021/07/20/11:08:56.681325,13162,1626772138,355880975,,22.3608398438,0.610500156879,0.0,13.6512956619,0.0,0.0,0,0,0,False,(),,
2021/07/20/11:08:56.725241,13163,1626772138,395895004,,22.3608398438,0.610500156879,0.0,13.6512956619,0.0,0.0,0,0,0,False,(),,
2021/07/20/11:08:56.767371,13164,1626772138,435997962,,22.3608398438,0.610500156879,0.0,13.6512956619,0.0,0.0,0,0,0,False,(),,
2021/07/20/11:08:56.972283,13165,1626772138,475719928,,22.3608398438,0.610500156879,0.0,13.6512956619,0.0,0.0,0,0,0,False,(),,
2021/07/20/11:08:56.972299,13166,1626772138,515966892,,22.3608398438,0.610500156879,0.0,13.6512956619,0.0,0.0,0,0,0,False,(),,
2021/07/20/11:08:56.972305,13167,1626772138,555953979,,22.3608398438,0.610500156879,0.0,13.6512956619,0.0,0.0,0,0,0,False,(),,
2021/07/20/11:08:56.972315,13168,1626772138,596003055,,22.3608398438,0.603867053986,0.0,13.5029754639,0.0,0.0,0,0,0,False,(),,
2021/07/20/11:08:56.972322,13169,1626772138,635605096,,22.3608398438,0.597234010696,0.0,13.3546543121,0.0,0.0,0,0,0,False,(),,
2021/07/20/11:08:57.002263,13170,1626772138,675601005,,22.3608398438,0.617133200169,0.0,13.7996168137,0.0,0.0,0,0,0,False,(),,
2021/07/20/11:08:57.042008,13171,1626772138,715652942,,22.3608398438,0.617133200169,0.0,13.7996168137,0.0,0.0,0,0,0,False,(),,
2021/07/20/11:08:57.083265,13172,1626772138,756165027,,22.3608398438,0.603867053986,0.0,13.5029754639,0.0,0.0,0,0,0,False,(),,
2021/07/20/11:08:57.122687,13173,1626772138,796010017,,22.3608398438,0.603867053986,0.0,13.5029754639,0.0,0.0,0,0,0,False,(),,
2021/07/20/11:08:57.163264,13174,1626772138,835867881,,22.3608398438,0.610500156879,0.0,13.6512956619,0.0,0.0,0,0,0,False,(),,
2021/07/20/11:08:57.202805,13175,1626772138,875930070,,22.3608398438,0.590600967407,0.0,13.2063341141,0.0,0.0,0,0,0,False,(),,
2021/07/20/11:08:57.241193,13176,1626772138,915745973,,22.3608398438,0.597234010696,0.0,13.3546543121,0.0,0.0,0,0,0,False,(),,
2021/07/20/11:08:57.286763,13177,1626772138,955910921,,22.3608398438,0.597234010696,0.0,13.3546543121,0.0,0.0,0,0,0,False,(),,
2021/07/20/11:08:57.321871,13178,1626772138,995865106,,22.3608398438,0.603867053986,0.0,13.5029754639,0.0,0.0,0,0,0,False,(),,
2021/07/20/11:08:57.362056,13179,1626772139,36062955,,22.3608398438,0.610500156879,0.0,13.6512956619,0.0,0.0,0,0,0,False,(),,
2021/07/20/11:08:57.401584,13180,1626772139,76023101,,22.3608398438,0.597234010696,0.0,13.3546543121,0.0,0.0,0,0,0,False,(),,
2021/07/20/11:08:57.442015,13181,1626772139,115927934,,22.3608398438,0.583967924118,0.0,13.0580129623,0.0,0.0,0,0,0,False,(),,
2021/07/20/11:08:57.482626,13182,1626772139,155922889,,22.3824996948,0.603867053986,0.0,13.5160541534,0.0,0.0,0,0,0,False,(),,
2021/07/20/11:08:57.521190,13183,1626772139,196181058,,22.3608398438,0.597234010696,0.0,13.3546543121,0.0,0.0,0,0,0,False,(),,
2021/07/20/11:08:57.562109,13184,1626772139,235635995,,22.3608398438,0.603867053986,0.0,13.5029754639,0.0,0.0,0,0,0,False,(),,
2021/07/20/11:08:57.602674,13185,1626772139,275887966,,22.3608398438,0.597234010696,0.0,13.3546543121,0.0,0.0,0,0,0,False,(),,
2021/07/20/11:08:57.643869,13186,1626772139,316145896,,22.3608398438,0.603867053986,0.0,13.5029754639,0.0,0.0,0,0,0,False,(),,
2021/07/20/11:08:57.684777,13187,1626772139,355994939,,22.3608398438,0.610500156879,0.0,13.6512956619,0.0,0.0,0,0,0,False,(),,
2021/07/20/11:08:57.721921,13188,1626772139,395967006,,22.3608398438,0.597234010696,0.0,13.3546543121,0.0,0.0,0,0,0,False,(),,
2021/07/20/11:08:57.761894,13189,1626772139,435754060,,22.3608398438,0.610500156879,0.0,13.6512956619,0.0,0.0,0,0,0,False,(),,
2021/07/20/11:08:57.972353,13190,1626772139,475974082,,22.3608398438,0.597234010696,0.0,13.3546543121,0.0,0.0,0,0,0,False,(),,
2021/07/20/11:08:57.972368,13191,1626772139,515685081,,22.3608398438,0.597234010696,0.0,13.3546543121,0.0,0.0,0,0,0,False,(),,
2021/07/20/11:08:57.972379,13192,1626772139,555756092,,22.3608398438,0.597234010696,0.0,13.3546543121,0.0,0.0,0,0,0,False,(),,
2021/07/20/11:08:57.972388,13193,1626772139,595936059,,22.3608398438,0.617133200169,0.0,13.7996168137,0.0,0.0,0,0,0,False,(),,
2021/07/20/11:08:57.972394,13194,1626772139,635812044,,22.3608398438,0.597234010696,0.0,13.3546543121,0.0,0.0,0,0,0,False,(),,
2021/07/20/11:08:58.012374,13195,1626772139,676079988,,22.3608398438,0.610500156879,0.0,13.6512956619,0.0,0.0,0,0,0,False,(),,
2021/07/20/11:08:58.041968,13196,1626772139,715594053,,22.3608398438,0.623766243458,0.0,13.9479379654,0.0,0.0,0,0,0,False,(),,
2021/07/20/11:08:58.082005,13197,1626772139,755909919,,22.3608398438,0.617133200169,0.0,13.7996168137,0.0,0.0,0,0,0,False,(),,
2021/07/20/11:08:58.122234,13198,1626772139,796005010,,22.3608398438,0.623766243458,0.0,13.9479379654,0.0,0.0,0,0,0,False,(),,
2021/07/20/11:08:58.162354,13199,1626772139,835997104,,22.3608398438,0.610500156879,0.0,13.6512956619,0.0,0.0,0,0,0,False,(),,
2021/07/20/11:08:58.202978,13200,1626772139,876071929,,22.3608398438,0.617133200169,0.0,13.7996168137,0.0,0.0,0,0,0,False,(),,
2021/07/20/11:08:58.240652,13201,1626772139,915260076,,22.3608398438,0.617133200169,0.0,13.7996168137,0.0,0.0,0,0,0,False,(),,
2021/07/20/11:08:58.281770,13202,1626772139,955694913,,22.3608398438,0.603867053986,0.0,13.5029754639,0.0,0.0,0,0,0,False,(),,
2021/07/20/11:08:58.321970,13203,1626772139,996056079,,22.3608398438,0.617133200169,0.0,13.7996168137,0.0,0.0,0,0,0,False,(),,
2021/07/20/11:08:58.363333,13204,1626772140,35984992,,22.3608398438,0.617133200169,0.0,13.7996168137,0.0,0.0,0,0,0,False,(),,
2021/07/20/11:08:58.402210,13205,1626772140,75911045,,22.3608398438,0.617133200169,0.0,13.7996168137,0.0,0.0,0,0,0,False,(),,
2021/07/20/11:08:58.441266,13206,1626772140,115883111,,22.3608398438,0.597234010696,0.0,13.3546543121,0.0,0.0,0,0,0,False,(),,
2021/07/20/11:08:58.482281,13207,1626772140,155988931,,22.3608398438,0.603867053986,0.0,13.5029754639,0.0,0.0,0,0,0,False,(),,
2021/07/20/11:08:58.522342,13208,1626772140,196105957,,22.3608398438,0.597234010696,0.0,13.3546543121,0.0,0.0,0,0,0,False,(),,
2021/07/20/11:08:58.561775,13209,1626772140,235861063,,22.3608398438,0.603867053986,0.0,13.5029754639,0.0,0.0,0,0,0,False,(),,
2021/07/20/11:08:58.601837,13210,1626772140,275942087,,22.3608398438,0.597234010696,0.0,13.3546543121,0.0,0.0,0,0,0,False,(),,
2021/07/20/11:08:58.644830,13211,1626772140,316277027,,22.3608398438,0.603867053986,0.0,13.5029754639,0.0,0.0,0,0,0,False,(),,
2021/07/20/11:08:58.682075,13212,1626772140,355726957,,22.3608398438,0.603867053986,0.0,13.5029754639,0.0,0.0,0,0,0,False,(),,
2021/07/20/11:08:58.722522,13213,1626772140,396104097,,22.3608398438,0.603867053986,0.0,13.5029754639,0.0,0.0,0,0,0,False,(),,
2021/07/20/11:08:58.762117,13214,1626772140,435960054,,22.3608398438,0.603867053986,0.0,13.5029754639,0.0,0.0,0,0,0,False,(),,
2021/07/20/11:08:58.972088,13215,1626772140,475991964,,22.3608398438,0.603867053986,0.0,13.5029754639,0.0,0.0,0,0,0,False,(),,
2021/07/20/11:08:58.972106,13216,1626772140,515872955,,22.3608398438,0.590600967407,0.0,13.2063341141,0.0,0.0,0,0,0,False,(),,
2021/07/20/11:08:58.972113,13217,1626772140,555972099,,22.3608398438,0.603867053986,0.0,13.5029754639,0.0,0.0,0,0,0,False,(),,
2021/07/20/11:08:58.972117,13218,1626772140,595731973,,22.3608398438,0.597234010696,0.0,13.3546543121,0.0,0.0,0,0,0,False,(),,
2021/07/20/11:08:58.972181,13219,1626772140,635899066,,22.3608398438,0.603867053986,0.0,13.5029754639,0.0,0.0,0,0,0,False,(),,
2021/07/20/11:08:59.015597,13220,1626772140,675592899,,22.3608398438,0.597234010696,0.0,13.3546543121,0.0,0.0,0,0,0,False,(),,
2021/07/20/11:08:59.041371,13221,1626772140,716057062,,22.3608398438,0.603867053986,0.0,13.5029754639,0.0,0.0,0,0,0,False,(),,
2021/07/20/11:08:59.081652,13222,1626772140,755779027,,22.3608398438,0.603867053986,0.0,13.5029754639,0.0,0.0,0,0,0,False,(),,
2021/07/20/11:08:59.121053,13223,1626772140,795557975,,22.3608398438,0.610500156879,0.0,13.6512956619,0.0,0.0,0,0,0,False,(),,
2021/07/20/11:08:59.161312,13224,1626772140,835515975,,22.3608398438,0.603867053986,0.0,13.5029754639,0.0,0.0,0,0,0,False,(),,
2021/07/20/11:08:59.201713,13225,1626772140,875972032,,22.3608398438,0.590600967407,0.0,13.2063341141,0.0,0.0,0,0,0,False,(),,
2021/07/20/11:08:59.244323,13226,1626772140,916039943,,22.3608398438,0.597234010696,0.0,13.3546543121,0.0,0.0,0,0,0,False,(),,
2021/07/20/11:08:59.283860,13227,1626772140,955775022,,22.3608398438,0.597234010696,0.0,13.3546543121,0.0,0.0,0,0,0,False,(),,
2021/07/20/11:08:59.323173,13228,1626772140,995966911,,22.3608398438,0.590600967407,0.0,13.2063341141,0.0,0.0,0,0,0,False,(),,
2021/07/20/11:08:59.362280,13229,1626772141,35710096,,22.3608398438,0.603867053986,0.0,13.5029754639,0.0,0.0,0,0,0,False,(),,
2021/07/20/11:08:59.401964,13230,1626772141,76008081,,22.3608398438,0.610500156879,0.0,13.6512956619,0.0,0.0,0,0,0,False,(),,
2021/07/20/11:08:59.441952,13231,1626772141,115662097,,22.3608398438,0.590600967407,0.0,13.2063341141,0.0,0.0,0,0,0,False,(),,
2021/07/20/11:08:59.482113,13232,1626772141,156043052,,22.3608398438,0.603867053986,0.0,13.5029754639,0.0,0.0,0,0,0,False,(),,
2021/07/20/11:08:59.522464,13233,1626772141,195970058,,22.3824996948,0.603867053986,0.0,13.5160541534,0.0,0.0,0,0,0,False,(),,
2021/07/20/11:08:59.566833,13234,1626772141,235701084,,22.3608398438,0.603867053986,0.0,13.5029754639,0.0,0.0,0,0,0,False,(),,
2021/07/20/11:08:59.602142,13235,1626772141,275904893,,22.3608398438,0.603867053986,0.0,13.5029754639,0.0,0.0,0,0,0,False,(),,
2021/07/20/11:08:59.642537,13236,1626772141,316097021,,22.3608398438,0.603867053986,0.0,13.5029754639,0.0,0.0,0,0,0,False,(),,
2021/07/20/11:08:59.681603,13237,1626772141,355652093,,22.3608398438,0.610500156879,0.0,13.6512956619,0.0,0.0,0,0,0,False,(),,
2021/07/20/11:08:59.722822,13238,1626772141,395911931,,22.3608398438,0.597234010696,0.0,13.3546543121,0.0,0.0,0,0,0,False,(),,
2021/07/20/11:08:59.762548,13239,1626772141,435956954,,22.3608398438,0.603867053986,0.0,13.5029754639,0.0,0.0,0,0,0,False,(),,
2021/07/20/11:08:59.972072,13240,1626772141,475892066,,22.3608398438,0.597234010696,0.0,13.3546543121,0.0,0.0,0,0,0,False,(),,
2021/07/20/11:08:59.972090,13241,1626772141,515764951,,22.3608398438,0.603867053986,0.0,13.5029754639,0.0,0.0,0,0,0,False,(),,
2021/07/20/11:08:59.972097,13242,1626772141,555715084,,22.3608398438,0.597234010696,0.0,13.3546543121,0.0,0.0,0,0,0,False,(),,
2021/07/20/11:08:59.972115,13243,1626772141,595655918,,22.3608398438,0.597234010696,0.0,13.3546543121,0.0,0.0,0,0,0,False,(),,
2021/07/20/11:08:59.972159,13244,1626772141,635678052,,22.3608398438,0.610500156879,0.0,13.6512956619,0.0,0.0,0,0,0,False,(),,
2021/07/20/11:09:00.066587,13245,1626772141,675956010,,22.3608398438,0.603867053986,0.0,13.5029754639,0.0,0.0,0,0,0,False,(),,
2021/07/20/11:09:00.066598,13246,1626772141,716000080,,22.3608398438,0.603867053986,0.0,13.5029754639,0.0,0.0,0,0,0,False,(),,
2021/07/20/11:09:00.082748,13247,1626772141,755918025,,22.3608398438,0.630399286747,0.0,14.0962581635,0.0,0.0,0,0,0,False,(),,
2021/07/20/11:09:00.122578,13248,1626772141,795747041,,22.3608398438,0.617133200169,0.0,13.7996168137,0.0,0.0,0,0,0,False,(),,
2021/07/20/11:09:00.162066,13249,1626772141,835880994,,22.3608398438,0.610500156879,0.0,13.6512956619,0.0,0.0,0,0,0,False,(),,
2021/07/20/11:09:00.201494,13250,1626772141,875927925,,22.3608398438,0.617133200169,0.0,13.7996168137,0.0,0.0,0,0,0,False,(),,
2021/07/20/11:09:00.240766,13251,1626772141,915472030,,22.3608398438,0.630399286747,0.0,14.0962581635,0.0,0.0,0,0,0,False,(),,
2021/07/20/11:09:00.282312,13252,1626772141,955693960,,22.3608398438,0.617133200169,0.0,13.7996168137,0.0,0.0,0,0,0,False,(),,
2021/07/20/11:09:00.322232,13253,1626772141,996016979,,22.3608398438,0.617133200169,0.0,13.7996168137,0.0,0.0,0,0,0,False,(),,
2021/07/20/11:09:00.361383,13254,1626772142,36035060,,22.3608398438,0.610500156879,0.0,13.6512956619,0.0,0.0,0,0,0,False,(),,
2021/07/20/11:09:00.402746,13255,1626772142,75968027,,22.3608398438,0.603867053986,0.0,13.5029754639,0.0,0.0,0,0,0,False,(),,
2021/07/20/11:09:00.441484,13256,1626772142,116565942,,22.3608398438,0.617133200169,0.0,13.7996168137,0.0,0.0,0,0,0,False,(),,
2021/07/20/11:09:00.481654,13257,1626772142,155706882,,22.3608398438,0.617133200169,0.0,13.7996168137,0.0,0.0,0,0,0,False,(),,
2021/07/20/11:09:00.521534,13258,1626772142,196029901,,22.3608398438,0.603867053986,0.0,13.5029754639,0.0,0.0,0,0,0,False,(),,
2021/07/20/11:09:00.566809,13259,1626772142,235933065,,22.3608398438,0.603867053986,0.0,13.5029754639,0.0,0.0,0,0,0,False,(),,
2021/07/20/11:09:00.602422,13260,1626772142,275897026,,22.3608398438,0.610500156879,0.0,13.6512956619,0.0,0.0,0,0,0,False,(),,
2021/07/20/11:09:00.642051,13261,1626772142,315974950,,22.3608398438,0.603867053986,0.0,13.5029754639,0.0,0.0,0,0,0,False,(),,
2021/07/20/11:09:00.681849,13262,1626772142,355608940,,22.3608398438,0.597234010696,0.0,13.3546543121,0.0,0.0,0,0,0,False,(),,
2021/07/20/11:09:00.722758,13263,1626772142,396336078,,22.3608398438,0.603867053986,0.0,13.5029754639,0.0,0.0,0,0,0,False,(),,
2021/07/20/11:09:00.776059,13264,1626772142,435781002,,22.3608398438,0.603867053986,0.0,13.5029754639,0.0,0.0,0,0,0,False,(),,
2021/07/20/11:09:00.972509,13265,1626772142,475955009,,22.3608398438,0.610500156879,0.0,13.6512956619,0.0,0.0,0,0,0,False,(),,
2021/07/20/11:09:00.972541,13266,1626772142,515609025,,22.3608398438,0.610500156879,0.0,13.6512956619,0.0,0.0,0,0,0,False,(),,
2021/07/20/11:09:00.972550,13267,1626772142,555943012,,22.3608398438,0.603867053986,0.0,13.5029754639,0.0,0.0,0,0,0,False,(),,
2021/07/20/11:09:00.972558,13268,1626772142,595993995,,22.3608398438,0.603867053986,0.0,13.5029754639,0.0,0.0,0,0,0,False,(),,
2021/07/20/11:09:00.972587,13269,1626772142,635795116,,22.3608398438,0.590600967407,0.0,13.2063341141,0.0,0.0,0,0,0,False,(),,
2021/07/20/11:09:01.030201,13270,1626772142,675726890,,22.3608398438,0.590600967407,0.0,13.2063341141,0.0,0.0,0,0,0,False,(),,
2021/07/20/11:09:01.043346,13271,1626772142,715751886,,22.3608398438,0.590600967407,0.0,13.2063341141,0.0,0.0,0,0,0,False,(),,
2021/07/20/11:09:01.082456,13272,1626772142,755778074,,22.3608398438,0.597234010696,0.0,13.3546543121,0.0,0.0,0,0,0,False,(),,
2021/07/20/11:09:01.131634,13273,1626772142,795773983,,22.3608398438,0.590600967407,0.0,13.2063341141,0.0,0.0,0,0,0,False,(),,
2021/07/20/11:09:01.161502,13274,1626772142,836215019,,22.3608398438,0.603867053986,0.0,13.5029754639,0.0,0.0,0,0,0,False,(),,
2021/07/20/11:09:01.201258,13275,1626772142,875636100,,22.3608398438,0.597234010696,0.0,13.3546543121,0.0,0.0,0,0,0,False,(),,
2021/07/20/11:09:01.242331,13276,1626772142,915982961,,22.3608398438,0.597234010696,0.0,13.3546543121,0.0,0.0,0,0,0,False,(),,
2021/07/20/11:09:01.282864,13277,1626772142,955790042,,22.3608398438,0.597234010696,0.0,13.3546543121,0.0,0.0,0,0,0,False,(),,
2021/07/20/11:09:01.322017,13278,1626772142,995884895,,22.3608398438,0.597234010696,0.0,13.3546543121,0.0,0.0,0,0,0,False,(),,
2021/07/20/11:09:01.361710,13279,1626772143,36277055,,22.3608398438,0.603867053986,0.0,13.5029754639,0.0,0.0,0,0,0,False,(),,
2021/07/20/11:09:01.401978,13280,1626772143,75742006,,22.3608398438,0.590600967407,0.0,13.2063341141,0.0,0.0,0,0,0,False,(),,
2021/07/20/11:09:01.442481,13281,1626772143,115999937,,22.3608398438,0.603867053986,0.0,13.5029754639,0.0,0.0,0,0,0,False,(),,
2021/07/20/11:09:01.488502,13282,1626772143,155788898,,22.3608398438,0.597234010696,0.0,13.3546543121,0.0,0.0,0,0,0,False,(),,
2021/07/20/11:09:01.522603,13283,1626772143,195960998,,22.3608398438,0.603867053986,0.0,13.5029754639,0.0,0.0,0,0,0,False,(),,
2021/07/20/11:09:01.577649,13284,1626772143,235712051,,22.3608398438,0.597234010696,0.0,13.3546543121,0.0,0.0,0,0,0,False,(),,
2021/07/20/11:09:01.602072,13285,1626772143,276068925,,22.3608398438,0.597234010696,0.0,13.3546543121,0.0,0.0,0,0,0,False,(),,
2021/07/20/11:09:01.641438,13286,1626772143,315551996,,22.3608398438,0.597234010696,0.0,13.3546543121,0.0,0.0,0,0,0,False,(),,
2021/07/20/11:09:01.681409,13287,1626772143,355890989,,22.3608398438,0.590600967407,0.0,13.2063341141,0.0,0.0,0,0,0,False,(),,
2021/07/20/11:09:01.722460,13288,1626772143,396111011,,22.3608398438,0.564068734646,0.0,12.6130504608,0.0,0.0,0,0,0,False,(),,
2021/07/20/11:09:01.763229,13289,1626772143,435779094,,22.3608398438,0.33191165328,0.0,7.42182350159,0.0,0.0,0,0,0,False,(),,
2021/07/20/11:09:01.972914,13290,1626772143,476012945,,22.3608398438,0.3186455369,0.0,7.12518167496,0.0,0.0,0,0,0,False,(),,
2021/07/20/11:09:01.972931,13291,1626772143,515743017,,22.3608398438,0.3186455369,0.0,7.12518167496,0.0,0.0,0,0,0,False,(),,
2021/07/20/11:09:01.972945,13292,1626772143,555778026,,22.3824996948,0.312012463808,0.0,6.98361873627,0.0,0.0,0,0,0,False,(),,
2021/07/20/11:09:01.972959,13293,1626772143,595607042,,22.3608398438,0.3186455369,0.0,7.12518167496,0.0,0.0,0,0,0,False,(),,
2021/07/20/11:09:01.972969,13294,1626772143,635612964,,22.3824996948,0.3186455369,0.0,7.13208341599,0.0,0.0,0,0,0,False,(),,
2021/07/20/11:09:02.003028,13295,1626772143,675848007,,22.3608398438,0.3186455369,0.0,7.12518167496,0.0,0.0,0,0,0,False,(),,
2021/07/20/11:09:02.042846,13296,1626772143,715754985,,22.3824996948,0.325278580189,0.0,7.28054761887,0.0,0.0,0,0,0,False,(),,
2021/07/20/11:09:02.107897,13297,1626772143,756154060,,22.3824996948,0.33191165328,0.0,7.42901229858,0.0,0.0,0,0,0,False,(),,
2021/07/20/11:09:02.134318,13298,1626772143,795905113,,22.3608398438,0.325278580189,0.0,7.27350282669,0.0,0.0,0,0,0,False,(),,
2021/07/20/11:09:02.176135,13299,1626772143,835755109,,22.3824996948,0.3186455369,0.0,7.13208341599,0.0,0.0,0,0,0,False,(),,
2021/07/20/11:09:02.204110,13300,1626772143,876043081,,22.3824996948,0.3186455369,0.0,7.13208341599,0.0,0.0,0,0,0,False,(),,
2021/07/20/11:09:02.241198,13301,1626772143,915301084,,22.3608398438,0.3186455369,0.0,7.12518167496,0.0,0.0,0,0,0,False,(),,
2021/07/20/11:09:02.281546,13302,1626772143,955610036,,22.3608398438,0.338544696569,0.0,7.57014417648,0.0,0.0,0,0,0,False,(),,
2021/07/20/11:09:02.321675,13303,1626772143,995959043,,22.3608398438,0.325278580189,0.0,7.27350282669,0.0,0.0,0,0,0,False,(),,
2021/07/20/11:09:02.362172,13304,1626772144,35727977,,22.3608398438,0.3186455369,0.0,7.12518167496,0.0,0.0,0,0,0,False,(),,
2021/07/20/11:09:02.401882,13305,1626772144,75558900,,22.3824996948,0.312012463808,0.0,6.98361873627,0.0,0.0,0,0,0,False,(),,
2021/07/20/11:09:02.441587,13306,1626772144,115812063,,22.3608398438,0.338544696569,0.0,7.57014417648,0.0,0.0,0,0,0,False,(),,
2021/07/20/11:09:02.484608,13307,1626772144,156017065,,22.3608398438,0.325278580189,0.0,7.27350282669,0.0,0.0,0,0,0,False,(),,
2021/07/20/11:09:02.525779,13308,1626772144,196100950,,22.3824996948,0.345177769661,0.0,7.72594118118,0.0,0.0,0,0,0,False,(),,
2021/07/20/11:09:02.562516,13309,1626772144,235871076,,22.3608398438,0.365076929331,0.0,8.16342735291,0.0,0.0,0,0,0,False,(),,
2021/07/20/11:09:02.611479,13310,1626772144,275734901,,22.3824996948,0.325278580189,0.0,7.28054761887,0.0,0.0,0,0,0,False,(),,
2021/07/20/11:09:02.642544,13311,1626772144,315721988,,22.3824996948,0.33191165328,0.0,7.42901229858,0.0,0.0,0,0,0,False,(),,
2021/07/20/11:09:02.683040,13312,1626772144,355921030,,22.3824996948,0.3186455369,0.0,7.13208341599,0.0,0.0,0,0,0,False,(),,
2021/07/20/11:09:02.721896,13313,1626772144,395632982,,22.3824996948,0.338544696569,0.0,7.57747650146,0.0,0.0,0,0,0,False,(),,
2021/07/20/11:09:02.765470,13314,1626772144,435767889,,22.3608398438,0.312012463808,0.0,6.97686100006,0.0,0.0,0,0,0,False,(),,
2021/07/20/11:09:02.976149,13315,1626772144,475943088,,22.3608398438,0.325278580189,0.0,7.27350282669,0.0,0.0,0,0,0,False,(),,
2021/07/20/11:09:02.976171,13316,1626772144,515978097,,22.3824996948,0.3186455369,0.0,7.13208341599,0.0,0.0,0,0,0,False,(),,
2021/07/20/11:09:02.976181,13317,1626772144,555955886,,22.3608398438,0.3186455369,0.0,7.12518167496,0.0,0.0,0,0,0,False,(),,
2021/07/20/11:09:02.976189,13318,1626772144,595604896,,22.3608398438,0.312012463808,0.0,6.97686100006,0.0,0.0,0,0,0,False,(),,
2021/07/20/11:09:02.976212,13319,1626772144,635963916,,22.3608398438,0.325278580189,0.0,7.27350282669,0.0,0.0,0,0,0,False,(),,
2021/07/20/11:09:03.040622,13320,1626772144,675885915,,22.3608398438,0.312012463808,0.0,6.97686100006,0.0,0.0,0,0,0,False,(),,
2021/07/20/11:09:03.042416,13321,1626772144,716058969,,22.3824996948,0.325278580189,0.0,7.28054761887,0.0,0.0,0,0,0,False,(),,
2021/07/20/11:09:03.081647,13322,1626772144,756246089,,22.3608398438,0.35181081295,0.0,7.86678552628,0.0,0.0,0,0,0,False,(),,
2021/07/20/11:09:03.123058,13323,1626772144,795646905,,22.3608398438,0.537536501884,0.0,12.0197677612,0.0,0.0,0,0,0,False,(),,
2021/07/20/11:09:03.162270,13324,1626772144,836061954,,22.3608398438,0.583967924118,0.0,13.0580129623,0.0,0.0,0,0,0,False,(),,
2021/07/20/11:09:03.204098,13325,1626772144,876018047,,22.3608398438,0.64366543293,0.0,14.3928995132,0.0,0.0,0,0,0,False,(),,
2021/07/20/11:09:03.242995,13326,1626772144,915939092,,22.3608398438,0.650298476219,0.0,14.541220665,0.0,0.0,0,0,0,False,(),,
2021/07/20/11:09:03.281522,13327,1626772144,955915927,,22.3608398438,0.650298476219,0.0,14.541220665,0.0,0.0,0,0,0,False,(),,
2021/07/20/11:09:03.322909,13328,1626772144,995820999,,22.3608398438,0.630399286747,0.0,14.0962581635,0.0,0.0,0,0,0,False,(),,
2021/07/20/11:09:03.366302,13329,1626772145,35911083,,22.3608398438,0.610500156879,0.0,13.6512956619,0.0,0.0,0,0,0,False,(),,
2021/07/20/11:09:03.401847,13330,1626772145,75732946,,22.3608398438,0.617133200169,0.0,13.7996168137,0.0,0.0,0,0,0,False,(),,
2021/07/20/11:09:03.442441,13331,1626772145,116040945,,22.3608398438,0.610500156879,0.0,13.6512956619,0.0,0.0,0,0,0,False,(),,
2021/07/20/11:09:03.481803,13332,1626772145,155766963,,22.3608398438,0.610500156879,0.0,13.6512956619,0.0,0.0,0,0,0,False,(),,
2021/07/20/11:09:03.522782,13333,1626772145,196212053,,22.3608398438,0.610500156879,0.0,13.6512956619,0.0,0.0,0,0,0,False,(),,
2021/07/20/11:09:03.562566,13334,1626772145,235819101,,22.3608398438,0.610500156879,0.0,13.6512956619,0.0,0.0,0,0,0,False,(),,
2021/07/20/11:09:03.601927,13335,1626772145,275880098,,22.3608398438,0.597234010696,0.0,13.3546543121,0.0,0.0,0,0,0,False,(),,
2021/07/20/11:09:03.641429,13336,1626772145,315921068,,22.3608398438,0.603867053986,0.0,13.5029754639,0.0,0.0,0,0,0,False,(),,
2021/07/20/11:09:03.681650,13337,1626772145,355595111,,22.3608398438,0.597234010696,0.0,13.3546543121,0.0,0.0,0,0,0,False,(),,
2021/07/20/11:09:03.721442,13338,1626772145,395935058,,22.3608398438,0.603867053986,0.0,13.5029754639,0.0,0.0,0,0,0,False,(),,
2021/07/20/11:09:03.761917,13339,1626772145,436422109,,22.3608398438,0.610500156879,0.0,13.6512956619,0.0,0.0,0,0,0,False,(),,
2021/07/20/11:09:03.972324,13340,1626772145,475805044,,22.3608398438,0.603867053986,0.0,13.5029754639,0.0,0.0,0,0,0,False,(),,
2021/07/20/11:09:03.972339,13341,1626772145,515549898,,22.3608398438,0.597234010696,0.0,13.3546543121,0.0,0.0,0,0,0,False,(),,
2021/07/20/11:09:03.972346,13342,1626772145,555891036,,22.3608398438,0.610500156879,0.0,13.6512956619,0.0,0.0,0,0,0,False,(),,
2021/07/20/11:09:03.972352,13343,1626772145,595751047,,22.3608398438,0.610500156879,0.0,13.6512956619,0.0,0.0,0,0,0,False,(),,
2021/07/20/11:09:03.972356,13344,1626772145,635771036,,22.3608398438,0.610500156879,0.0,13.6512956619,0.0,0.0,0,0,0,False,(),,
2021/07/20/11:09:04.048465,13345,1626772145,675757884,,22.3608398438,0.603867053986,0.0,13.5029754639,0.0,0.0,0,0,0,False,(),,
2021/07/20/11:09:04.048474,13346,1626772145,715917110,,22.3608398438,0.617133200169,0.0,13.7996168137,0.0,0.0,0,0,0,False,(),,
2021/07/20/11:09:04.112625,13347,1626772145,755594015,,22.3608398438,0.610500156879,0.0,13.6512956619,0.0,0.0,0,0,0,False,(),,
2021/07/20/11:09:04.123286,13348,1626772145,795911073,,22.3608398438,0.623766243458,0.0,13.9479379654,0.0,0.0,0,0,0,False,(),,
2021/07/20/11:09:04.162619,13349,1626772145,836218118,,22.3608398438,0.630399286747,0.0,14.0962581635,0.0,0.0,0,0,0,False,(),,
2021/07/20/11:09:04.202356,13350,1626772145,875926971,,22.3608398438,0.617133200169,0.0,13.7996168137,0.0,0.0,0,0,0,False,(),,
2021/07/20/11:09:04.521412,13351,1626772145,915385961,,22.3608398438,0.623766243458,0.0,13.9479379654,0.0,0.0,0,0,0,False,(),,
2021/07/20/11:09:04.521432,13352,1626772145,955717086,,22.3608398438,0.610500156879,0.0,13.6512956619,0.0,0.0,0,0,0,False,(),,
2021/07/20/11:09:04.521440,13353,1626772145,995922088,,22.3608398438,0.623766243458,0.0,13.9479379654,0.0,0.0,0,0,0,False,(),,
2021/07/20/11:09:04.521451,13354,1626772146,35913944,,22.3608398438,0.610500156879,0.0,13.6512956619,0.0,0.0,0,0,0,False,(),,
2021/07/20/11:09:04.521469,13355,1626772146,75917005,,22.3608398438,0.610500156879,0.0,13.6512956619,0.0,0.0,0,0,0,False,(),,
2021/07/20/11:09:04.521476,13356,1626772146,115978956,,22.3608398438,0.617133200169,0.0,13.7996168137,0.0,0.0,0,0,0,False,(),,
2021/07/20/11:09:04.521487,13357,1626772146,155692100,,22.3608398438,0.617133200169,0.0,13.7996168137,0.0,0.0,0,0,0,False,(),,
2021/07/20/11:09:04.523418,13358,1626772146,196008920,,22.3608398438,0.617133200169,0.0,13.7996168137,0.0,0.0,0,0,0,False,(),,
2021/07/20/11:09:04.562107,13359,1626772146,235965013,,22.3608398438,0.623766243458,0.0,13.9479379654,0.0,0.0,0,0,0,False,(),,
2021/07/20/11:09:04.601311,13360,1626772146,275929927,,22.3608398438,0.623766243458,0.0,13.9479379654,0.0,0.0,0,0,0,False,(),,
2021/07/20/11:09:04.641316,13361,1626772146,315882921,,22.3608398438,0.623766243458,0.0,13.9479379654,0.0,0.0,0,0,0,False,(),,
2021/07/20/11:09:04.681175,13362,1626772146,355588912,,22.3608398438,0.630399286747,0.0,14.0962581635,0.0,0.0,0,0,0,False,(),,
2021/07/20/11:09:04.721836,13363,1626772146,395694017,,22.3608398438,0.630399286747,0.0,14.0962581635,0.0,0.0,0,0,0,False,(),,
2021/07/20/11:09:04.765898,13364,1626772146,435807943,,22.3608398438,0.630399286747,0.0,14.0962581635,0.0,0.0,0,0,0,False,(),,
2021/07/20/11:09:04.979930,13365,1626772146,475955963,,22.3608398438,0.623766243458,0.0,13.9479379654,0.0,0.0,0,0,0,False,(),,
2021/07/20/11:09:04.979948,13366,1626772146,515830039,,22.3608398438,0.617133200169,0.0,13.7996168137,0.0,0.0,0,0,0,False,(),,
2021/07/20/11:09:04.979955,13367,1626772146,555720090,,22.3608398438,0.610500156879,0.0,13.6512956619,0.0,0.0,0,0,0,False,(),,
2021/07/20/11:09:04.979961,13368,1626772146,595647096,,22.3608398438,0.617133200169,0.0,13.7996168137,0.0,0.0,0,0,0,False,(),,
2021/07/20/11:09:04.979982,13369,1626772146,635521888,,22.3608398438,0.617133200169,0.0,13.7996168137,0.0,0.0,0,0,0,False,(),,
2021/07/20/11:09:05.068746,13370,1626772146,675740003,,22.3608398438,0.617133200169,0.0,13.7996168137,0.0,0.0,0,0,0,False,(),,
2021/07/20/11:09:05.068756,13371,1626772146,715708971,,22.3608398438,0.617133200169,0.0,13.7996168137,0.0,0.0,0,0,0,False,(),,
2021/07/20/11:09:05.081931,13372,1626772146,755918979,,22.3608398438,0.617133200169,0.0,13.7996168137,0.0,0.0,0,0,0,False,(),,
2021/07/20/11:09:05.121772,13373,1626772146,795994043,,22.3608398438,0.637032389641,0.0,14.2445793152,0.0,0.0,0,0,0,False,(),,
2021/07/20/11:09:05.161826,13374,1626772146,835935115,,22.3608398438,0.610500156879,0.0,13.6512956619,0.0,0.0,0,0,0,False,(),,
2021/07/20/11:09:05.201808,13375,1626772146,876394987,,22.3608398438,0.623766243458,0.0,13.9479379654,0.0,0.0,0,0,0,False,(),,
2021/07/20/11:09:05.240907,13376,1626772146,915591955,,22.3608398438,0.623766243458,0.0,13.9479379654,0.0,0.0,0,0,0,False,(),,
2021/07/20/11:09:05.281964,13377,1626772146,955512046,,22.3608398438,0.617133200169,0.0,13.7996168137,0.0,0.0,0,0,0,False,(),,
2021/07/20/11:09:05.324134,13378,1626772146,995871067,,22.3608398438,0.610500156879,0.0,13.6512956619,0.0,0.0,0,0,0,False,(),,
2021/07/20/11:09:05.365387,13379,1626772147,36206007,,22.3608398438,0.617133200169,0.0,13.7996168137,0.0,0.0,0,0,0,False,(),,
2021/07/20/11:09:05.402009,13380,1626772147,76010942,,22.3608398438,0.617133200169,0.0,13.7996168137,0.0,0.0,0,0,0,False,(),,
2021/07/20/11:09:05.442057,13381,1626772147,116022109,,22.3608398438,0.603867053986,0.0,13.5029754639,0.0,0.0,0,0,0,False,(),,
2021/07/20/11:09:05.483663,13382,1626772147,155883073,,22.3608398438,0.610500156879,0.0,13.6512956619,0.0,0.0,0,0,0,False,(),,
2021/07/20/11:09:05.521712,13383,1626772147,195776939,,22.3608398438,0.610500156879,0.0,13.6512956619,0.0,0.0,0,0,0,False,(),,
2021/07/20/11:09:05.562276,13384,1626772147,235793113,,22.3608398438,0.617133200169,0.0,13.7996168137,0.0,0.0,0,0,0,False,(),,
2021/07/20/11:09:05.602348,13385,1626772147,275943040,,22.3608398438,0.617133200169,0.0,13.7996168137,0.0,0.0,0,0,0,False,(),,
2021/07/20/11:09:05.641720,13386,1626772147,316108942,,22.3608398438,0.617133200169,0.0,13.7996168137,0.0,0.0,0,0,0,False,(),,
2021/07/20/11:09:05.688198,13387,1626772147,355926036,,22.3608398438,0.623766243458,0.0,13.9479379654,0.0,0.0,0,0,0,False,(),,
2021/07/20/11:09:05.721924,13388,1626772147,395947933,,22.3608398438,0.617133200169,0.0,13.7996168137,0.0,0.0,0,0,0,False,(),,
2021/07/20/11:09:05.764547,13389,1626772147,435966968,,22.3608398438,0.610500156879,0.0,13.6512956619,0.0,0.0,0,0,0,False,(),,
2021/07/20/11:09:05.977989,13390,1626772147,475965976,,22.3608398438,0.610500156879,0.0,13.6512956619,0.0,0.0,0,0,0,False,(),,
2021/07/20/11:09:05.978013,13391,1626772147,515619039,,22.3608398438,0.603867053986,0.0,13.5029754639,0.0,0.0,0,0,0,False,(),,
2021/07/20/11:09:05.978029,13392,1626772147,555869102,,22.3608398438,0.603867053986,0.0,13.5029754639,0.0,0.0,0,0,0,False,(),,
2021/07/20/11:09:05.978064,13393,1626772147,595927000,,22.3608398438,0.610500156879,0.0,13.6512956619,0.0,0.0,0,0,0,False,(),,
2021/07/20/11:09:05.978071,13394,1626772147,635701894,,22.3608398438,0.603867053986,0.0,13.5029754639,0.0,0.0,0,0,0,False,(),,
2021/07/20/11:09:06.003832,13395,1626772147,676067113,,22.3608398438,0.597234010696,0.0,13.3546543121,0.0,0.0,0,0,0,False,(),,
2021/07/20/11:09:06.042118,13396,1626772147,715718984,,22.3608398438,0.610500156879,0.0,13.6512956619,0.0,0.0,0,0,0,False,(),,
2021/07/20/11:09:06.083014,13397,1626772147,756014108,,22.3608398438,0.617133200169,0.0,13.7996168137,0.0,0.0,0,0,0,False,(),,
2021/07/20/11:09:06.122357,13398,1626772147,795909881,,22.3608398438,0.623766243458,0.0,13.9479379654,0.0,0.0,0,0,0,False,(),,
2021/07/20/11:09:06.405289,13399,1626772147,836191892,,22.3608398438,0.603867053986,0.0,13.5029754639,0.0,0.0,0,0,0,False,(),,
2021/07/20/11:09:06.405304,13400,1626772147,875579118,,22.3608398438,0.617133200169,0.0,13.7996168137,0.0,0.0,0,0,0,False,(),,
2021/07/20/11:09:06.405313,13401,1626772147,915301084,,22.3608398438,0.623766243458,0.0,13.9479379654,0.0,0.0,0,0,0,False,(),,
2021/07/20/11:09:06.405318,13402,1626772147,955653905,,22.3608398438,0.610500156879,0.0,13.6512956619,0.0,0.0,0,0,0,False,(),,
2021/07/20/11:09:06.405328,13403,1626772147,995771884,,22.3608398438,0.617133200169,0.0,13.7996168137,0.0,0.0,0,0,0,False,(),,
2021/07/20/11:09:06.405339,13404,1626772148,35770893,,22.3608398438,0.610500156879,0.0,13.6512956619,0.0,0.0,0,0,0,False,(),,
2021/07/20/11:09:06.405347,13405,1626772148,75993061,,22.3608398438,0.610500156879,0.0,13.6512956619,0.0,0.0,0,0,0,False,(),,
2021/07/20/11:09:06.441815,13406,1626772148,115953922,,22.3608398438,0.610500156879,0.0,13.6512956619,0.0,0.0,0,0,0,False,(),,
2021/07/20/11:09:06.481163,13407,1626772148,155775070,,22.3608398438,0.603867053986,0.0,13.5029754639,0.0,0.0,0,0,0,False,(),,
2021/07/20/11:09:06.521773,13408,1626772148,196063041,,22.3608398438,0.617133200169,0.0,13.7996168137,0.0,0.0,0,0,0,False,(),,
2021/07/20/11:09:06.562181,13409,1626772148,235569953,,22.3608398438,0.610500156879,0.0,13.6512956619,0.0,0.0,0,0,0,False,(),,
2021/07/20/11:09:06.605836,13410,1626772148,275914907,,22.3608398438,0.630399286747,0.0,14.0962581635,0.0,0.0,0,0,0,False,(),,
2021/07/20/11:09:06.641832,13411,1626772148,316005945,,22.3608398438,0.617133200169,0.0,13.7996168137,0.0,0.0,0,0,0,False,(),,
2021/07/20/11:09:06.686650,13412,1626772148,355751991,,22.3608398438,0.617133200169,0.0,13.7996168137,0.0,0.0,0,0,0,False,(),,
2021/07/20/11:09:06.722069,13413,1626772148,395756006,,22.3608398438,0.623766243458,0.0,13.9479379654,0.0,0.0,0,0,0,False,(),,
2021/07/20/11:09:06.761559,13414,1626772148,435887098,,22.3608398438,0.623766243458,0.0,13.9479379654,0.0,0.0,0,0,0,False,(),,
2021/07/20/11:09:06.801544,13415,1626772148,475668907,,22.3608398438,0.623766243458,0.0,13.9479379654,0.0,0.0,0,0,0,False,(),,
2021/07/20/11:09:07.014532,13416,1626772148,515856981,,22.3608398438,0.617133200169,0.0,13.7996168137,0.0,0.0,0,0,0,False,(),,
2021/07/20/11:09:07.014551,13417,1626772148,556026935,,22.3608398438,0.623766243458,0.0,13.9479379654,0.0,0.0,0,0,0,False,(),,
2021/07/20/11:09:07.014566,13418,1626772148,595767021,,22.3608398438,0.623766243458,0.0,13.9479379654,0.0,0.0,0,0,0,False,(),,
2021/07/20/11:09:07.014631,13419,1626772148,635745048,,22.3608398438,0.617133200169,0.0,13.7996168137,0.0,0.0,0,0,0,False,(),,
2021/07/20/11:09:07.014641,13420,1626772148,675888061,,22.3608398438,0.623766243458,0.0,13.9479379654,0.0,0.0,0,0,0,False,(),,
2021/07/20/11:09:07.042473,13421,1626772148,715945005,,22.3608398438,0.630399286747,0.0,14.0962581635,0.0,0.0,0,0,0,False,(),,
2021/07/20/11:09:07.081377,13422,1626772148,755846977,,22.3608398438,0.617133200169,0.0,13.7996168137,0.0,0.0,0,0,0,False,(),,
2021/07/20/11:09:07.121685,13423,1626772148,796191930,,22.3608398438,0.623766243458,0.0,13.9479379654,0.0,0.0,0,0,0,False,(),,
2021/07/20/11:09:07.162125,13424,1626772148,836282014,,22.3608398438,0.617133200169,0.0,13.7996168137,0.0,0.0,0,0,0,False,(),,
2021/07/20/11:09:07.202137,13425,1626772148,875652074,,22.3608398438,0.623766243458,0.0,13.9479379654,0.0,0.0,0,0,0,False,(),,
2021/07/20/11:09:07.242662,13426,1626772148,915990114,,22.3608398438,0.617133200169,0.0,13.7996168137,0.0,0.0,0,0,0,False,(),,
2021/07/20/11:09:07.282814,13427,1626772148,956166982,,22.3608398438,0.617133200169,0.0,13.7996168137,0.0,0.0,0,0,0,False,(),,
2021/07/20/11:09:07.322544,13428,1626772148,996010065,,22.3608398438,0.610500156879,0.0,13.6512956619,0.0,0.0,0,0,0,False,(),,
2021/07/20/11:09:07.361004,13429,1626772149,35531997,,22.3608398438,0.610500156879,0.0,13.6512956619,0.0,0.0,0,0,0,False,(),,
2021/07/20/11:09:07.400677,13430,1626772149,75649976,,22.3608398438,0.617133200169,0.0,13.7996168137,0.0,0.0,0,0,0,False,(),,
2021/07/20/11:09:07.442014,13431,1626772149,115771055,,22.3608398438,0.617133200169,0.0,13.7996168137,0.0,0.0,0,0,0,False,(),,
2021/07/20/11:09:07.482011,13432,1626772149,155641078,,22.3608398438,0.610500156879,0.0,13.6512956619,0.0,0.0,0,0,0,False,(),,
2021/07/20/11:09:07.521594,13433,1626772149,195882081,,22.3608398438,0.617133200169,0.0,13.7996168137,0.0,0.0,0,0,0,False,(),,
2021/07/20/11:09:07.562456,13434,1626772149,235794067,,22.3608398438,0.610500156879,0.0,13.6512956619,0.0,0.0,0,0,0,False,(),,
2021/07/20/11:09:07.601891,13435,1626772149,275944948,,22.3608398438,0.610500156879,0.0,13.6512956619,0.0,0.0,0,0,0,False,(),,
2021/07/20/11:09:07.641820,13436,1626772149,315857887,,22.3608398438,0.603867053986,0.0,13.5029754639,0.0,0.0,0,0,0,False,(),,
2021/07/20/11:09:07.680755,13437,1626772149,355334997,,22.3608398438,0.603867053986,0.0,13.5029754639,0.0,0.0,0,0,0,False,(),,
2021/07/20/11:09:07.721773,13438,1626772149,395571947,,22.3608398438,0.630399286747,0.0,14.0962581635,0.0,0.0,0,0,0,False,(),,
2021/07/20/11:09:07.763409,13439,1626772149,436044931,,22.3608398438,0.610500156879,0.0,13.6512956619,0.0,0.0,0,0,0,False,(),,
2021/07/20/11:09:07.972115,13440,1626772149,476011991,,22.3608398438,0.610500156879,0.0,13.6512956619,0.0,0.0,0,0,0,False,(),,
2021/07/20/11:09:07.972128,13441,1626772149,515957117,,22.3608398438,0.610500156879,0.0,13.6512956619,0.0,0.0,0,0,0,False,(),,
2021/07/20/11:09:07.972170,13442,1626772149,555867910,,22.3608398438,0.597234010696,0.0,13.3546543121,0.0,0.0,0,0,0,False,(),,
2021/07/20/11:09:07.972188,13443,1626772149,595702886,,22.3608398438,0.597234010696,0.0,13.3546543121,0.0,0.0,0,0,0,False,(),,
2021/07/20/11:09:07.972194,13444,1626772149,635576009,,22.3608398438,0.610500156879,0.0,13.6512956619,0.0,0.0,0,0,0,False,(),,
2021/07/20/11:09:08.004149,13445,1626772149,675756931,,22.3608398438,0.603867053986,0.0,13.5029754639,0.0,0.0,0,0,0,False,(),,
2021/07/20/11:09:08.042830,13446,1626772149,715883016,,22.3608398438,0.623766243458,0.0,13.9479379654,0.0,0.0,0,0,0,False,(),,
2021/07/20/11:09:08.081748,13447,1626772149,755893945,,22.3608398438,0.617133200169,0.0,13.7996168137,0.0,0.0,0,0,0,False,(),,
2021/07/20/11:09:08.124670,13448,1626772149,796262025,,22.3608398438,0.610500156879,0.0,13.6512956619,0.0,0.0,0,0,0,False,(),,
2021/07/20/11:09:08.165528,13449,1626772149,835639953,,22.3608398438,0.617133200169,0.0,13.7996168137,0.0,0.0,0,0,0,False,(),,
2021/07/20/11:09:08.202689,13450,1626772149,875989913,,22.3608398438,0.610500156879,0.0,13.6512956619,0.0,0.0,0,0,0,False,(),,
2021/07/20/11:09:08.244654,13451,1626772149,915431022,,22.3608398438,0.610500156879,0.0,13.6512956619,0.0,0.0,0,0,0,False,(),,
2021/07/20/11:09:08.281550,13452,1626772149,955679893,,22.3608398438,0.312012463808,0.0,6.97686100006,0.0,0.0,0,0,0,False,(),,
2021/07/20/11:09:08.322079,13453,1626772149,996028900,,22.3608398438,0.312012463808,0.0,6.97686100006,0.0,0.0,0,0,0,False,(),,
2021/07/20/11:09:08.362337,13454,1626772150,35710096,,22.3608398438,0.325278580189,0.0,7.27350282669,0.0,0.0,0,0,0,False,(),,
2021/07/20/11:09:08.401946,13455,1626772150,75918912,,22.3824996948,0.3186455369,0.0,7.13208341599,0.0,0.0,0,0,0,False,(),,
2021/07/20/11:09:08.442888,13456,1626772150,115735054,,22.3608398438,0.325278580189,0.0,7.27350282669,0.0,0.0,0,0,0,False,(),,
2021/07/20/11:09:08.482376,13457,1626772150,155978918,,22.3608398438,0.3186455369,0.0,7.12518167496,0.0,0.0,0,0,0,False,(),,
2021/07/20/11:09:08.523103,13458,1626772150,196609020,,22.3608398438,0.3186455369,0.0,7.12518167496,0.0,0.0,0,0,0,False,(),,
2021/07/20/11:09:08.568223,13459,1626772150,236068964,,22.3824996948,0.325278580189,0.0,7.28054761887,0.0,0.0,0,0,0,False,(),,
2021/07/20/11:09:08.602473,13460,1626772150,275887966,,22.3608398438,0.312012463808,0.0,6.97686100006,0.0,0.0,0,0,0,False,(),,
2021/07/20/11:09:08.645276,13461,1626772150,315920114,,22.3608398438,0.305379420519,0.0,6.82854032516,0.0,0.0,0,0,0,False,(),,
2021/07/20/11:09:08.682029,13462,1626772150,355650901,,22.3608398438,0.325278580189,0.0,7.27350282669,0.0,0.0,0,0,0,False,(),,
2021/07/20/11:09:08.721249,13463,1626772150,395760059,,22.3824996948,0.325278580189,0.0,7.28054761887,0.0,0.0,0,0,0,False,(),,
2021/07/20/11:09:08.764793,13464,1626772150,436024904,,22.3608398438,0.3186455369,0.0,7.12518167496,0.0,0.0,0,0,0,False,(),,
2021/07/20/11:09:08.971797,13465,1626772150,476022005,,22.3608398438,0.325278580189,0.0,7.27350282669,0.0,0.0,0,0,0,False,(),,
2021/07/20/11:09:08.971819,13466,1626772150,515525102,,22.3608398438,0.3186455369,0.0,7.12518167496,0.0,0.0,0,0,0,False,(),,
2021/07/20/11:09:08.971825,13467,1626772150,555701017,,22.3824996948,0.305379420519,0.0,6.83515453339,0.0,0.0,0,0,0,False,(),,
2021/07/20/11:09:08.971832,13468,1626772150,595632076,,22.3824996948,0.3186455369,0.0,7.13208341599,0.0,0.0,0,0,0,False,(),,
2021/07/20/11:09:08.971840,13469,1626772150,635888099,,22.3608398438,0.3186455369,0.0,7.12518167496,0.0,0.0,0,0,0,False,(),,
2021/07/20/11:09:09.003758,13470,1626772150,676168918,,22.3824996948,0.33191165328,0.0,7.42901229858,0.0,0.0,0,0,0,False,(),,
2021/07/20/11:09:09.046062,13471,1626772150,716108083,,22.3824996948,0.3186455369,0.0,7.13208341599,0.0,0.0,0,0,0,False,(),,
2021/07/20/11:09:09.081883,13472,1626772150,755482912,,22.3824996948,0.325278580189,0.0,7.28054761887,0.0,0.0,0,0,0,False,(),,
2021/07/20/11:09:09.122121,13473,1626772150,795927047,,22.3824996948,0.325278580189,0.0,7.28054761887,0.0,0.0,0,0,0,False,(),,
2021/07/20/11:09:09.166410,13474,1626772150,835859060,,22.3608398438,0.3186455369,0.0,7.12518167496,0.0,0.0,0,0,0,False,(),,
2021/07/20/11:09:09.201974,13475,1626772150,875884056,,22.3608398438,0.325278580189,0.0,7.27350282669,0.0,0.0,0,0,0,False,(),,
2021/07/20/11:09:09.255549,13476,1626772150,915854930,,22.3824996948,0.325278580189,0.0,7.28054761887,0.0,0.0,0,0,0,False,(),,
2021/07/20/11:09:09.281887,13477,1626772150,956022977,,22.3608398438,0.312012463808,0.0,6.97686100006,0.0,0.0,0,0,0,False,(),,
2021/07/20/11:09:09.322488,13478,1626772150,996017932,,22.3608398438,0.3186455369,0.0,7.12518167496,0.0,0.0,0,0,0,False,(),,
2021/07/20/11:09:09.361784,13479,1626772151,36314010,,22.3824996948,0.3186455369,0.0,7.13208341599,0.0,0.0,0,0,0,False,(),,
2021/07/20/11:09:09.404025,13480,1626772151,76067924,,22.3608398438,0.3186455369,0.0,7.12518167496,0.0,0.0,0,0,0,False,(),,
2021/07/20/11:09:09.442120,13481,1626772151,115722894,,22.3608398438,0.345177769661,0.0,7.71846485138,0.0,0.0,0,0,0,False,(),,
2021/07/20/11:09:09.482296,13482,1626772151,155759096,,22.3608398438,0.557435631752,0.0,12.4647302628,0.0,0.0,0,0,0,False,(),,
2021/07/20/11:09:09.524571,13483,1626772151,195997953,,22.3608398438,0.623766243458,0.0,13.9479379654,0.0,0.0,0,0,0,False,(),,
2021/07/20/11:09:09.562872,13484,1626772151,235737085,,22.3608398438,0.663564622402,0.0,14.8378620148,0.0,0.0,0,0,0,False,(),,
2021/07/20/11:09:09.601125,13485,1626772151,275588989,,22.3608398438,0.656931519508,0.0,14.6895418167,0.0,0.0,0,0,0,False,(),,
2021/07/20/11:09:09.641983,13486,1626772151,315777063,,22.3608398438,0.670197665691,0.0,14.9861831665,0.0,0.0,0,0,0,False,(),,
2021/07/20/11:09:09.683071,13487,1626772151,356285095,,22.3608398438,0.656931519508,0.0,14.6895418167,0.0,0.0,0,0,0,False,(),,
2021/07/20/11:09:09.721941,13488,1626772151,395870923,,22.3608398438,0.650298476219,0.0,14.541220665,0.0,0.0,0,0,0,False,(),,
2021/07/20/11:09:09.761482,13489,1626772151,435961961,,22.3608398438,0.64366543293,0.0,14.3928995132,0.0,0.0,0,0,0,False,(),,
2021/07/20/11:09:09.801487,13490,1626772151,476016044,,22.3608398438,0.64366543293,0.0,14.3928995132,0.0,0.0,0,0,0,False,(),,
2021/07/20/11:09:10.005510,13491,1626772151,515952110,,22.3608398438,0.630399286747,0.0,14.0962581635,0.0,0.0,0,0,0,False,(),,
2021/07/20/11:09:10.005526,13492,1626772151,555870056,,22.3608398438,0.630399286747,0.0,14.0962581635,0.0,0.0,0,0,0,False,(),,
2021/07/20/11:09:10.005539,13493,1626772151,595871925,,22.3608398438,0.623766243458,0.0,13.9479379654,0.0,0.0,0,0,0,False,(),,
2021/07/20/11:09:10.005545,13494,1626772151,635708093,,22.3608398438,0.617133200169,0.0,13.7996168137,0.0,0.0,0,0,0,False,(),,
2021/07/20/11:09:10.005556,13495,1626772151,675729990,,22.3608398438,0.610500156879,0.0,13.6512956619,0.0,0.0,0,0,0,False,(),,
2021/07/20/11:09:10.042032,13496,1626772151,715605020,,22.3608398438,0.623766243458,0.0,13.9479379654,0.0,0.0,0,0,0,False,(),,
2021/07/20/11:09:10.082433,13497,1626772151,755949020,,22.3608398438,0.623766243458,0.0,13.9479379654,0.0,0.0,0,0,0,False,(),,
2021/07/20/11:09:10.122687,13498,1626772151,796231985,,22.3608398438,0.630399286747,0.0,14.0962581635,0.0,0.0,0,0,0,False,(),,
2021/07/20/11:09:10.162380,13499,1626772151,835892915,,22.3608398438,0.637032389641,0.0,14.2445793152,0.0,0.0,0,0,0,False,(),,
2021/07/20/11:09:10.202474,13500,1626772151,875777959,,22.3608398438,0.623766243458,0.0,13.9479379654,0.0,0.0,0,0,0,False,(),,
2021/07/20/11:09:10.241023,13501,1626772151,915610074,,22.3608398438,0.630399286747,0.0,14.0962581635,0.0,0.0,0,0,0,False,(),,
2021/07/20/11:09:10.282517,13502,1626772151,955617904,,22.3608398438,0.637032389641,0.0,14.2445793152,0.0,0.0,0,0,0,False,(),,
2021/07/20/11:09:10.322124,13503,1626772151,996237993,,22.3608398438,0.623766243458,0.0,13.9479379654,0.0,0.0,0,0,0,False,(),,
2021/07/20/11:09:10.361818,13504,1626772152,35706043,,22.3608398438,0.630399286747,0.0,14.0962581635,0.0,0.0,0,0,0,False,(),,
2021/07/20/11:09:10.402853,13505,1626772152,75906038,,22.3608398438,0.637032389641,0.0,14.2445793152,0.0,0.0,0,0,0,False,(),,
2021/07/20/11:09:10.441358,13506,1626772152,116024971,,22.3608398438,0.623766243458,0.0,13.9479379654,0.0,0.0,0,0,0,False,(),,
2021/07/20/11:09:10.488585,13507,1626772152,155951023,,22.3608398438,0.630399286747,0.0,14.0962581635,0.0,0.0,0,0,0,False,(),,
2021/07/20/11:09:10.521801,13508,1626772152,196022987,,22.3608398438,0.637032389641,0.0,14.2445793152,0.0,0.0,0,0,0,False,(),,
2021/07/20/11:09:10.561938,13509,1626772152,235963106,,22.3608398438,0.630399286747,0.0,14.0962581635,0.0,0.0,0,0,0,False,(),,
2021/07/20/11:09:10.601372,13510,1626772152,275769948,,22.3608398438,0.637032389641,0.0,14.2445793152,0.0,0.0,0,0,0,False,(),,
2021/07/20/11:09:10.641597,13511,1626772152,316025018,,22.3608398438,0.623766243458,0.0,13.9479379654,0.0,0.0,0,0,0,False,(),,
2021/07/20/11:09:10.681691,13512,1626772152,355963945,,22.3608398438,0.630399286747,0.0,14.0962581635,0.0,0.0,0,0,0,False,(),,
2021/07/20/11:09:10.722439,13513,1626772152,395776987,,22.3608398438,0.650298476219,0.0,14.541220665,0.0,0.0,0,0,0,False,(),,
2021/07/20/11:09:10.761967,13514,1626772152,435866117,,22.3608398438,0.637032389641,0.0,14.2445793152,0.0,0.0,0,0,0,False,(),,
2021/07/20/11:09:10.805424,13515,1626772152,476288080,,22.3608398438,0.637032389641,0.0,14.2445793152,0.0,0.0,0,0,0,False,(),,
2021/07/20/11:09:11.007797,13516,1626772152,515780925,,22.3608398438,0.64366543293,0.0,14.3928995132,0.0,0.0,0,0,0,False,(),,
2021/07/20/11:09:11.007807,13517,1626772152,555771112,,22.3608398438,0.637032389641,0.0,14.2445793152,0.0,0.0,0,0,0,False,(),,
2021/07/20/11:09:11.007823,13518,1626772152,595799922,,22.3608398438,0.623766243458,0.0,13.9479379654,0.0,0.0,0,0,0,False,(),,
2021/07/20/11:09:11.007836,13519,1626772152,635776996,,22.3608398438,0.630399286747,0.0,14.0962581635,0.0,0.0,0,0,0,False,(),,
2021/07/20/11:09:11.007843,13520,1626772152,675646066,,22.3608398438,0.637032389641,0.0,14.2445793152,0.0,0.0,0,0,0,False,(),,
2021/07/20/11:09:11.041678,13521,1626772152,716080904,,22.3608398438,0.630399286747,0.0,14.0962581635,0.0,0.0,0,0,0,False,(),,
2021/07/20/11:09:11.082239,13522,1626772152,755978107,,22.3608398438,0.637032389641,0.0,14.2445793152,0.0,0.0,0,0,0,False,(),,
2021/07/20/11:09:11.122105,13523,1626772152,796089887,,22.3608398438,0.637032389641,0.0,14.2445793152,0.0,0.0,0,0,0,False,(),,
2021/07/20/11:09:11.163061,13524,1626772152,835700988,,22.3608398438,0.630399286747,0.0,14.0962581635,0.0,0.0,0,0,0,False,(),,
2021/07/20/11:09:11.201824,13525,1626772152,875967979,,22.3608398438,0.630399286747,0.0,14.0962581635,0.0,0.0,0,0,0,False,(),,
2021/07/20/11:09:11.241633,13526,1626772152,915644884,,22.3608398438,0.637032389641,0.0,14.2445793152,0.0,0.0,0,0,0,False,(),,
2021/07/20/11:09:11.282365,13527,1626772152,955739021,,22.3608398438,0.637032389641,0.0,14.2445793152,0.0,0.0,0,0,0,False,(),,
2021/07/20/11:09:11.322705,13528,1626772152,996030092,,22.3608398438,0.637032389641,0.0,14.2445793152,0.0,0.0,0,0,0,False,(),,
2021/07/20/11:09:11.363018,13529,1626772153,35763978,,22.3608398438,0.630399286747,0.0,14.0962581635,0.0,0.0,0,0,0,False,(),,
2021/07/20/11:09:11.400775,13530,1626772153,75496912,,22.3608398438,0.623766243458,0.0,13.9479379654,0.0,0.0,0,0,0,False,(),,
2021/07/20/11:09:11.441689,13531,1626772153,115715980,,22.3608398438,0.637032389641,0.0,14.2445793152,0.0,0.0,0,0,0,False,(),,
2021/07/20/11:09:11.483230,13532,1626772153,155973911,,22.3608398438,0.630399286747,0.0,14.0962581635,0.0,0.0,0,0,0,False,(),,
2021/07/20/11:09:11.523344,13533,1626772153,195672988,,22.3608398438,0.623766243458,0.0,13.9479379654,0.0,0.0,0,0,0,False,(),,
2021/07/20/11:09:11.563578,13534,1626772153,235814094,,22.3608398438,0.630399286747,0.0,14.0962581635,0.0,0.0,0,0,0,False,(),,
2021/07/20/11:09:11.602253,13535,1626772153,275911092,,22.3608398438,0.630399286747,0.0,14.0962581635,0.0,0.0,0,0,0,False,(),,
2021/07/20/11:09:11.641316,13536,1626772153,316029071,,22.3608398438,0.637032389641,0.0,14.2445793152,0.0,0.0,0,0,0,False,(),,
2021/07/20/11:09:11.682817,13537,1626772153,355890035,,22.3608398438,0.623766243458,0.0,13.9479379654,0.0,0.0,0,0,0,False,(),,
2021/07/20/11:09:11.721330,13538,1626772153,395634889,,22.3608398438,0.637032389641,0.0,14.2445793152,0.0,0.0,0,0,0,False,(),,
2021/07/20/11:09:11.762559,13539,1626772153,436002969,,22.3608398438,0.637032389641,0.0,14.2445793152,0.0,0.0,0,0,0,False,(),,
2021/07/20/11:09:11.803801,13540,1626772153,476033926,,22.3608398438,0.637032389641,0.0,14.2445793152,0.0,0.0,0,0,0,False,(),,
2021/07/20/11:09:11.993565,13541,1626772153,515945911,,22.3608398438,0.623766243458,0.0,13.9479379654,0.0,0.0,0,0,0,False,(),,
2021/07/20/11:09:11.993590,13542,1626772153,555790901,,22.3608398438,0.637032389641,0.0,14.2445793152,0.0,0.0,0,0,0,False,(),,
2021/07/20/11:09:11.993621,13543,1626772153,595792055,,22.3608398438,0.637032389641,0.0,14.2445793152,0.0,0.0,0,0,0,False,(),,
2021/07/20/11:09:11.993631,13544,1626772153,635824918,,22.3608398438,0.630399286747,0.0,14.0962581635,0.0,0.0,0,0,0,False,(),,
2021/07/20/11:09:12.000621,13545,1626772153,675470113,,22.3608398438,0.637032389641,0.0,14.2445793152,0.0,0.0,0,0,0,False,(),,
2021/07/20/11:09:12.044240,13546,1626772153,715998888,,22.3608398438,0.64366543293,0.0,14.3928995132,0.0,0.0,0,0,0,False,(),,
2021/07/20/11:09:12.083000,13547,1626772153,755642890,,22.3608398438,0.623766243458,0.0,13.9479379654,0.0,0.0,0,0,0,False,(),,
2021/07/20/11:09:12.123527,13548,1626772153,795906066,,22.3608398438,0.623766243458,0.0,13.9479379654,0.0,0.0,0,0,0,False,(),,
2021/07/20/11:09:12.162231,13549,1626772153,836020946,,22.3608398438,0.623766243458,0.0,13.9479379654,0.0,0.0,0,0,0,False,(),,
2021/07/20/11:09:12.202631,13550,1626772153,875941991,,22.3608398438,0.630399286747,0.0,14.0962581635,0.0,0.0,0,0,0,False,(),,
2021/07/20/11:09:12.241562,13551,1626772153,915906906,,22.3608398438,0.637032389641,0.0,14.2445793152,0.0,0.0,0,0,0,False,(),,
2021/07/20/11:09:12.281415,13552,1626772153,955971002,,22.3608398438,0.617133200169,0.0,13.7996168137,0.0,0.0,0,0,0,False,(),,
2021/07/20/11:09:12.322214,13553,1626772153,995985984,,22.3608398438,0.637032389641,0.0,14.2445793152,0.0,0.0,0,0,0,False,(),,
2021/07/20/11:09:12.362357,13554,1626772154,35921096,,22.3608398438,0.630399286747,0.0,14.0962581635,0.0,0.0,0,0,0,False,(),,
2021/07/20/11:09:12.401835,13555,1626772154,75958013,,22.3608398438,0.637032389641,0.0,14.2445793152,0.0,0.0,0,0,0,False,(),,
2021/07/20/11:09:12.442767,13556,1626772154,115941047,,22.3608398438,0.64366543293,0.0,14.3928995132,0.0,0.0,0,0,0,False,(),,
2021/07/20/11:09:12.481304,13557,1626772154,155899047,,22.3608398438,0.637032389641,0.0,14.2445793152,0.0,0.0,0,0,0,False,(),,
2021/07/20/11:09:12.521760,13558,1626772154,195559024,,22.3608398438,0.64366543293,0.0,14.3928995132,0.0,0.0,0,0,0,False,(),,
2021/07/20/11:09:12.562310,13559,1626772154,235965967,,22.3608398438,0.637032389641,0.0,14.2445793152,0.0,0.0,0,0,0,False,(),,
2021/07/20/11:09:12.602058,13560,1626772154,276144981,,22.3608398438,0.650298476219,0.0,14.541220665,0.0,0.0,0,0,0,False,(),,
2021/07/20/11:09:12.642182,13561,1626772154,315771102,,22.3608398438,0.64366543293,0.0,14.3928995132,0.0,0.0,0,0,0,False,(),,
2021/07/20/11:09:12.681923,13562,1626772154,356000900,,22.3608398438,0.64366543293,0.0,14.3928995132,0.0,0.0,0,0,0,False,(),,
2021/07/20/11:09:12.721771,13563,1626772154,395853996,,22.3608398438,0.637032389641,0.0,14.2445793152,0.0,0.0,0,0,0,False,(),,
2021/07/20/11:09:12.763804,13564,1626772154,435852050,,22.3608398438,0.630399286747,0.0,14.0962581635,0.0,0.0,0,0,0,False,(),,
2021/07/20/11:09:12.801383,13565,1626772154,475682973,,22.3608398438,0.637032389641,0.0,14.2445793152,0.0,0.0,0,0,0,False,(),,
2021/07/20/11:09:13.007792,13566,1626772154,515903949,,22.3608398438,0.637032389641,0.0,14.2445793152,0.0,0.0,0,0,0,False,(),,
2021/07/20/11:09:13.007808,13567,1626772154,555818080,,22.3608398438,0.617133200169,0.0,13.7996168137,0.0,0.0,0,0,0,False,(),,
2021/07/20/11:09:13.007822,13568,1626772154,595894098,,22.3608398438,0.637032389641,0.0,14.2445793152,0.0,0.0,0,0,0,False,(),,
2021/07/20/11:09:13.007836,13569,1626772154,635519981,,22.3608398438,0.623766243458,0.0,13.9479379654,0.0,0.0,0,0,0,False,(),,
2021/07/20/11:09:13.007846,13570,1626772154,676065921,,22.3608398438,0.623766243458,0.0,13.9479379654,0.0,0.0,0,0,0,False,(),,
2021/07/20/11:09:13.044832,13571,1626772154,716211080,,22.3608398438,0.637032389641,0.0,14.2445793152,0.0,0.0,0,0,0,False,(),,
2021/07/20/11:09:13.082415,13572,1626772154,755882978,,22.3608398438,0.630399286747,0.0,14.0962581635,0.0,0.0,0,0,0,False,(),,
2021/07/20/11:09:13.121845,13573,1626772154,795908927,,22.3608398438,0.637032389641,0.0,14.2445793152,0.0,0.0,0,0,0,False,(),,
2021/07/20/11:09:13.163369,13574,1626772154,835819005,,22.3608398438,0.637032389641,0.0,14.2445793152,0.0,0.0,0,0,0,False,(),,
2021/07/20/11:09:13.202115,13575,1626772154,875696897,,22.3608398438,0.630399286747,0.0,14.0962581635,0.0,0.0,0,0,0,False,(),,
2021/07/20/11:09:13.251861,13576,1626772154,916183948,,22.3608398438,0.623766243458,0.0,13.9479379654,0.0,0.0,0,0,0,False,(),,
2021/07/20/11:09:13.282465,13577,1626772154,955929040,,22.3608398438,0.637032389641,0.0,14.2445793152,0.0,0.0,0,0,0,False,(),,
2021/07/20/11:09:13.323123,13578,1626772154,996239900,,22.3608398438,0.623766243458,0.0,13.9479379654,0.0,0.0,0,0,0,False,(),,
2021/07/20/11:09:13.364883,13579,1626772155,36027908,,22.3608398438,0.623766243458,0.0,13.9479379654,0.0,0.0,0,0,0,False,(),,
2021/07/20/11:09:13.401748,13580,1626772155,75823068,,22.3608398438,0.623766243458,0.0,13.9479379654,0.0,0.0,0,0,0,False,(),,
2021/07/20/11:09:13.442477,13581,1626772155,116188049,,22.3608398438,0.610500156879,0.0,13.6512956619,0.0,0.0,0,0,0,False,(),,
2021/07/20/11:09:13.482015,13582,1626772155,155615091,,22.3608398438,0.623766243458,0.0,13.9479379654,0.0,0.0,0,0,0,False,(),,
2021/07/20/11:09:13.522279,13583,1626772155,195694923,,22.3608398438,0.623766243458,0.0,13.9479379654,0.0,0.0,0,0,0,False,(),,
2021/07/20/11:09:13.562903,13584,1626772155,235954046,,22.3608398438,0.623766243458,0.0,13.9479379654,0.0,0.0,0,0,0,False,(),,
2021/07/20/11:09:13.601411,13585,1626772155,275896072,,22.3608398438,0.617133200169,0.0,13.7996168137,0.0,0.0,0,0,0,False,(),,
2021/07/20/11:09:13.641705,13586,1626772155,315850973,,22.3608398438,0.623766243458,0.0,13.9479379654,0.0,0.0,0,0,0,False,(),,
2021/07/20/11:09:13.682456,13587,1626772155,355870008,,22.3608398438,0.617133200169,0.0,13.7996168137,0.0,0.0,0,0,0,False,(),,
2021/07/20/11:09:13.721996,13588,1626772155,395749092,,22.3608398438,0.630399286747,0.0,14.0962581635,0.0,0.0,0,0,0,False,(),,
2021/07/20/11:09:13.777648,13589,1626772155,436932086,,22.3608398438,0.630399286747,0.0,14.0962581635,0.0,0.0,0,0,0,False,(),,
2021/07/20/11:09:13.972043,13590,1626772155,475884914,,22.3608398438,0.623766243458,0.0,13.9479379654,0.0,0.0,0,0,0,False,(),,
2021/07/20/11:09:13.972063,13591,1626772155,516124963,,22.3608398438,0.623766243458,0.0,13.9479379654,0.0,0.0,0,0,0,False,(),,
2021/07/20/11:09:13.972072,13592,1626772155,555615901,,22.3608398438,0.623766243458,0.0,13.9479379654,0.0,0.0,0,0,0,False,(),,
2021/07/20/11:09:13.972102,13593,1626772155,595947980,,22.3608398438,0.617133200169,0.0,13.7996168137,0.0,0.0,0,0,0,False,(),,
2021/07/20/11:09:13.972116,13594,1626772155,635907888,,22.3608398438,0.623766243458,0.0,13.9479379654,0.0,0.0,0,0,0,False,(),,
2021/07/20/11:09:14.021592,13595,1626772155,676119089,,22.3608398438,0.630399286747,0.0,14.0962581635,0.0,0.0,0,0,0,False,(),,
2021/07/20/11:09:14.041580,13596,1626772155,715745925,,22.3608398438,0.617133200169,0.0,13.7996168137,0.0,0.0,0,0,0,False,(),,
2021/07/20/11:09:14.081729,13597,1626772155,755786895,,22.3608398438,0.418141424656,0.0,9.34999370575,0.0,0.0,0,0,0,False,(),,
2021/07/20/11:09:14.121065,13598,1626772155,795681953,,22.3608398438,0.33191165328,0.0,7.42182350159,0.0,0.0,0,0,0,False,(),,
2021/07/20/11:09:14.162145,13599,1626772155,835804939,,22.3608398438,0.325278580189,0.0,7.27350282669,0.0,0.0,0,0,0,False,(),,
2021/07/20/11:09:14.201989,13600,1626772155,875653982,,22.3824996948,0.325278580189,0.0,7.28054761887,0.0,0.0,0,0,0,False,(),,
2021/07/20/11:09:14.240834,13601,1626772155,915471076,,22.3608398438,0.33191165328,0.0,7.42182350159,0.0,0.0,0,0,0,False,(),,
2021/07/20/11:09:14.283063,13602,1626772155,955960035,,22.3608398438,0.312012463808,0.0,6.97686100006,0.0,0.0,0,0,0,False,(),,
2021/07/20/11:09:14.321809,13603,1626772155,995839118,,22.3608398438,0.33191165328,0.0,7.42182350159,0.0,0.0,0,0,0,False,(),,
2021/07/20/11:09:14.363751,13604,1626772156,35723924,,22.3608398438,0.325278580189,0.0,7.27350282669,0.0,0.0,0,0,0,False,(),,
2021/07/20/11:09:14.402550,13605,1626772156,75870037,,22.3824996948,0.312012463808,0.0,6.98361873627,0.0,0.0,0,0,0,False,(),,
2021/07/20/11:09:14.441290,13606,1626772156,115993976,,22.3608398438,0.3186455369,0.0,7.12518167496,0.0,0.0,0,0,0,False,(),,
2021/07/20/11:09:14.481108,13607,1626772156,155610084,,22.3608398438,0.312012463808,0.0,6.97686100006,0.0,0.0,0,0,0,False,(),,
2021/07/20/11:09:14.521483,13608,1626772156,195909023,,22.3608398438,0.325278580189,0.0,7.27350282669,0.0,0.0,0,0,0,False,(),,
2021/07/20/11:09:14.562582,13609,1626772156,236166954,,22.3608398438,0.325278580189,0.0,7.27350282669,0.0,0.0,0,0,0,False,(),,
2021/07/20/11:09:14.601952,13610,1626772156,275952100,,22.3608398438,0.325278580189,0.0,7.27350282669,0.0,0.0,0,0,0,False,(),,
2021/07/20/11:09:14.642613,13611,1626772156,316072940,,22.3824996948,0.325278580189,0.0,7.28054761887,0.0,0.0,0,0,0,False,(),,
2021/07/20/11:09:14.683129,13612,1626772156,355735063,,22.3608398438,0.312012463808,0.0,6.97686100006,0.0,0.0,0,0,0,False,(),,
2021/07/20/11:09:14.721120,13613,1626772156,395625114,,22.3608398438,0.33191165328,0.0,7.42182350159,0.0,0.0,0,0,0,False,(),,
2021/07/20/11:09:14.761843,13614,1626772156,435623884,,22.3608398438,0.3186455369,0.0,7.12518167496,0.0,0.0,0,0,0,False,(),,
2021/07/20/11:09:14.802183,13615,1626772156,475934028,,22.3608398438,0.3186455369,0.0,7.12518167496,0.0,0.0,0,0,0,False,(),,
2021/07/20/11:09:15.013376,13616,1626772156,515942096,,22.3608398438,0.3186455369,0.0,7.12518167496,0.0,0.0,0,0,0,False,(),,
2021/07/20/11:09:15.013426,13617,1626772156,555903911,,22.3608398438,0.3186455369,0.0,7.12518167496,0.0,0.0,0,0,0,False,(),,
2021/07/20/11:09:15.013435,13618,1626772156,595835924,,22.3608398438,0.312012463808,0.0,6.97686100006,0.0,0.0,0,0,0,False,(),,
2021/07/20/11:09:15.013587,13619,1626772156,635669946,,22.3608398438,0.3186455369,0.0,7.12518167496,0.0,0.0,0,0,0,False,(),,
2021/07/20/11:09:15.013619,13620,1626772156,675652027,,22.3608398438,0.3186455369,0.0,7.12518167496,0.0,0.0,0,0,0,False,(),,
2021/07/20/11:09:15.041439,13621,1626772156,716140031,,22.3608398438,0.3186455369,0.0,7.12518167496,0.0,0.0,0,0,0,False,(),,
2021/07/20/11:09:15.082637,13622,1626772156,756156921,,22.3608398438,0.33191165328,0.0,7.42182350159,0.0,0.0,0,0,0,False,(),,
2021/07/20/11:09:15.120933,13623,1626772156,795520067,,22.3608398438,0.312012463808,0.0,6.97686100006,0.0,0.0,0,0,0,False,(),,
2021/07/20/11:09:15.161271,13624,1626772156,835566997,,22.3824996948,0.338544696569,0.0,7.57747650146,0.0,0.0,0,0,0,False,(),,
2021/07/20/11:09:15.201390,13625,1626772156,875907897,,22.3608398438,0.544169545174,0.0,12.1680879593,0.0,0.0,0,0,0,False,(),,
2021/07/20/11:09:15.241896,13626,1626772156,915914058,,22.3608398438,0.630399286747,0.0,14.0962581635,0.0,0.0,0,0,0,False,(),,
2021/07/20/11:09:15.284696,13627,1626772156,955933094,,22.3608398438,0.670197665691,0.0,14.9861831665,0.0,0.0,0,0,0,False,(),,
2021/07/20/11:09:15.322888,13628,1626772156,995903015,,22.3608398438,0.683463811874,0.0,15.2828245163,0.0,0.0,0,0,0,False,(),,
2021/07/20/11:09:15.362457,13629,1626772157,36712884,,22.3608398438,0.683463811874,0.0,15.2828245163,0.0,0.0,0,0,0,False,(),,
2021/07/20/11:09:15.400910,13630,1626772157,75890064,,22.3608398438,0.663564622402,0.0,14.8378620148,0.0,0.0,0,0,0,False,(),,
2021/07/20/11:09:15.441406,13631,1626772157,115763902,,22.3608398438,0.656931519508,0.0,14.6895418167,0.0,0.0,0,0,0,False,(),,
2021/07/20/11:09:15.482126,13632,1626772157,155760049,,22.3608398438,0.656931519508,0.0,14.6895418167,0.0,0.0,0,0,0,False,(),,
2021/07/20/11:09:15.522676,13633,1626772157,195993900,,22.3608398438,0.64366543293,0.0,14.3928995132,0.0,0.0,0,0,0,False,(),,
2021/07/20/11:09:15.561154,13634,1626772157,235882043,,22.3608398438,0.637032389641,0.0,14.2445793152,0.0,0.0,0,0,0,False,(),,
2021/07/20/11:09:15.604753,13635,1626772157,276144981,,22.3608398438,0.637032389641,0.0,14.2445793152,0.0,0.0,0,0,0,False,(),,
2021/07/20/11:09:15.641992,13636,1626772157,315943002,,22.3608398438,0.650298476219,0.0,14.541220665,0.0,0.0,0,0,0,False,(),,
2021/07/20/11:09:15.682862,13637,1626772157,355946063,,22.3608398438,0.623766243458,0.0,13.9479379654,0.0,0.0,0,0,0,False,(),,
2021/07/20/11:09:15.721075,13638,1626772157,395869016,,22.3608398438,0.637032389641,0.0,14.2445793152,0.0,0.0,0,0,0,False,(),,
2021/07/20/11:09:15.761934,13639,1626772157,435637950,,22.3608398438,0.64366543293,0.0,14.3928995132,0.0,0.0,0,0,0,False,(),,
2021/07/20/11:09:15.802687,13640,1626772157,475961923,,22.3608398438,0.637032389641,0.0,14.2445793152,0.0,0.0,0,0,0,False,(),,
2021/07/20/11:09:16.014899,13641,1626772157,515872001,,22.3608398438,0.630399286747,0.0,14.0962581635,0.0,0.0,0,0,0,False,(),,
2021/07/20/11:09:16.014914,13642,1626772157,555979013,,22.3608398438,0.623766243458,0.0,13.9479379654,0.0,0.0,0,0,0,False,(),,
2021/07/20/11:09:16.014919,13643,1626772157,595904111,,22.3608398438,0.623766243458,0.0,13.9479379654,0.0,0.0,0,0,0,False,(),,
2021/07/20/11:09:16.014928,13644,1626772157,635813951,,22.3608398438,0.630399286747,0.0,14.0962581635,0.0,0.0,0,0,0,False,(),,
2021/07/20/11:09:16.014934,13645,1626772157,675858020,,22.3608398438,0.623766243458,0.0,13.9479379654,0.0,0.0,0,0,0,False,(),,
2021/07/20/11:09:16.048520,13646,1626772157,716037988,,22.3608398438,0.630399286747,0.0,14.0962581635,0.0,0.0,0,0,0,False,(),,
2021/07/20/11:09:16.081899,13647,1626772157,755913019,,22.3608398438,0.64366543293,0.0,14.3928995132,0.0,0.0,0,0,0,False,(),,
2021/07/20/11:09:16.129216,13648,1626772157,795932054,,22.3608398438,0.630399286747,0.0,14.0962581635,0.0,0.0,0,0,0,False,(),,
2021/07/20/11:09:16.161634,13649,1626772157,835710048,,22.3608398438,0.637032389641,0.0,14.2445793152,0.0,0.0,0,0,0,False,(),,
2021/07/20/11:09:16.208003,13650,1626772157,875886917,,22.3608398438,0.64366543293,0.0,14.3928995132,0.0,0.0,0,0,0,False,(),,
2021/07/20/11:09:16.241355,13651,1626772157,915982961,,22.3608398438,0.64366543293,0.0,14.3928995132,0.0,0.0,0,0,0,False,(),,
2021/07/20/11:09:16.281795,13652,1626772157,955991029,,22.3608398438,0.650298476219,0.0,14.541220665,0.0,0.0,0,0,0,False,(),,
2021/07/20/11:09:16.322333,13653,1626772157,995721101,,22.3608398438,0.64366543293,0.0,14.3928995132,0.0,0.0,0,0,0,False,(),,
2021/07/20/11:09:16.362427,13654,1626772158,35850048,,22.3608398438,0.650298476219,0.0,14.541220665,0.0,0.0,0,0,0,False,(),,
2021/07/20/11:09:16.402805,13655,1626772158,75908899,,22.3608398438,0.64366543293,0.0,14.3928995132,0.0,0.0,0,0,0,False,(),,
2021/07/20/11:09:16.441669,13656,1626772158,115907907,,22.3608398438,0.650298476219,0.0,14.541220665,0.0,0.0,0,0,0,False,(),,
2021/07/20/11:09:16.482114,13657,1626772158,155750036,,22.3608398438,0.630399286747,0.0,14.0962581635,0.0,0.0,0,0,0,False,(),,
2021/07/20/11:09:16.521586,13658,1626772158,195996999,,22.3608398438,0.64366543293,0.0,14.3928995132,0.0,0.0,0,0,0,False,(),,
2021/07/20/11:09:16.562648,13659,1626772158,236057043,,22.3608398438,0.650298476219,0.0,14.541220665,0.0,0.0,0,0,0,False,(),,
2021/07/20/11:09:16.601834,13660,1626772158,275876045,,22.3608398438,0.650298476219,0.0,14.541220665,0.0,0.0,0,0,0,False,(),,
2021/07/20/11:09:16.641256,13661,1626772158,315742969,,22.3608398438,0.64366543293,0.0,14.3928995132,0.0,0.0,0,0,0,False,(),,
2021/07/20/11:09:16.682432,13662,1626772158,355870008,,22.3608398438,0.64366543293,0.0,14.3928995132,0.0,0.0,0,0,0,False,(),,
2021/07/20/11:09:16.722099,13663,1626772158,396292924,,22.3608398438,0.64366543293,0.0,14.3928995132,0.0,0.0,0,0,0,False,(),,
2021/07/20/11:09:16.761942,13664,1626772158,435646057,,22.3608398438,0.656931519508,0.0,14.6895418167,0.0,0.0,0,0,0,False,(),,
2021/07/20/11:09:16.805372,13665,1626772158,475908041,,22.3608398438,0.663564622402,0.0,14.8378620148,0.0,0.0,0,0,0,False,(),,
2021/07/20/11:09:16.987992,13666,1626772158,515723943,,22.3608398438,0.650298476219,0.0,14.541220665,0.0,0.0,0,0,0,False,(),,
2021/07/20/11:09:16.988002,13667,1626772158,555732011,,22.3608398438,0.64366543293,0.0,14.3928995132,0.0,0.0,0,0,0,False,(),,
2021/07/20/11:09:16.988011,13668,1626772158,595725059,,22.3608398438,0.64366543293,0.0,14.3928995132,0.0,0.0,0,0,0,False,(),,
2021/07/20/11:09:16.988019,13669,1626772158,635597944,,22.3608398438,0.637032389641,0.0,14.2445793152,0.0,0.0,0,0,0,False,(),,
2021/07/20/11:09:17.001713,13670,1626772158,675777912,,22.3608398438,0.64366543293,0.0,14.3928995132,0.0,0.0,0,0,0,False,(),,
2021/07/20/11:09:17.041304,13671,1626772158,715962886,,22.3608398438,0.64366543293,0.0,14.3928995132,0.0,0.0,0,0,0,False,(),,
2021/07/20/11:09:17.082223,13672,1626772158,755865097,,22.3608398438,0.64366543293,0.0,14.3928995132,0.0,0.0,0,0,0,False,(),,
2021/07/20/11:09:17.121508,13673,1626772158,796075105,,22.3608398438,0.64366543293,0.0,14.3928995132,0.0,0.0,0,0,0,False,(),,
2021/07/20/11:09:17.162064,13674,1626772158,835913896,,22.3608398438,0.637032389641,0.0,14.2445793152,0.0,0.0,0,0,0,False,(),,
2021/07/20/11:09:17.203345,13675,1626772158,875634908,,22.3608398438,0.650298476219,0.0,14.541220665,0.0,0.0,0,0,0,False,(),,
2021/07/20/11:09:17.244534,13676,1626772158,915740013,,22.3608398438,0.64366543293,0.0,14.3928995132,0.0,0.0,0,0,0,False,(),,
2021/07/20/11:09:17.283076,13677,1626772158,956231117,,22.3608398438,0.637032389641,0.0,14.2445793152,0.0,0.0,0,0,0,False,(),,
2021/07/20/11:09:17.321782,13678,1626772158,996258020,,22.3608398438,0.637032389641,0.0,14.2445793152,0.0,0.0,0,0,0,False,(),,
2021/07/20/11:09:17.362781,13679,1626772159,36084890,,22.3608398438,0.637032389641,0.0,14.2445793152,0.0,0.0,0,0,0,False,(),,
2021/07/20/11:09:17.401801,13680,1626772159,75949907,,22.3608398438,0.650298476219,0.0,14.541220665,0.0,0.0,0,0,0,False,(),,
2021/07/20/11:09:17.451762,13681,1626772159,116252899,,22.3608398438,0.650298476219,0.0,14.541220665,0.0,0.0,0,0,0,False,(),,
2021/07/20/11:09:17.481298,13682,1626772159,155909061,,22.3608398438,0.650298476219,0.0,14.541220665,0.0,0.0,0,0,0,False,(),,
2021/07/20/11:09:17.522547,13683,1626772159,196005105,,22.3608398438,0.637032389641,0.0,14.2445793152,0.0,0.0,0,0,0,False,(),,
2021/07/20/11:09:17.562114,13684,1626772159,235721111,,22.3608398438,0.650298476219,0.0,14.541220665,0.0,0.0,0,0,0,False,(),,
2021/07/20/11:09:17.603045,13685,1626772159,275996923,,22.3608398438,0.64366543293,0.0,14.3928995132,0.0,0.0,0,0,0,False,(),,
2021/07/20/11:09:17.641714,13686,1626772159,315869092,,22.3608398438,0.637032389641,0.0,14.2445793152,0.0,0.0,0,0,0,False,(),,
2021/07/20/11:09:17.682869,13687,1626772159,355871915,,22.3608398438,0.650298476219,0.0,14.541220665,0.0,0.0,0,0,0,False,(),,
2021/07/20/11:09:17.721823,13688,1626772159,395781040,,22.3608398438,0.637032389641,0.0,14.2445793152,0.0,0.0,0,0,0,False,(),,
2021/07/20/11:09:17.762452,13689,1626772159,435667991,,22.3608398438,0.64366543293,0.0,14.3928995132,0.0,0.0,0,0,0,False,(),,
2021/07/20/11:09:17.802456,13690,1626772159,476006984,,22.3608398438,0.64366543293,0.0,14.3928995132,0.0,0.0,0,0,0,False,(),,
2021/07/20/11:09:18.011972,13691,1626772159,515930891,,22.3608398438,0.637032389641,0.0,14.2445793152,0.0,0.0,0,0,0,False,(),,
2021/07/20/11:09:18.011988,13692,1626772159,555783033,,22.3608398438,0.637032389641,0.0,14.2445793152,0.0,0.0,0,0,0,False,(),,
2021/07/20/11:09:18.011995,13693,1626772159,595824003,,22.3608398438,0.630399286747,0.0,14.0962581635,0.0,0.0,0,0,0,False,(),,
2021/07/20/11:09:18.011999,13694,1626772159,635623931,,22.3608398438,0.637032389641,0.0,14.2445793152,0.0,0.0,0,0,0,False,(),,
2021/07/20/11:09:18.012003,13695,1626772159,675678968,,22.3608398438,0.64366543293,0.0,14.3928995132,0.0,0.0,0,0,0,False,(),,
2021/07/20/11:09:18.041662,13696,1626772159,715689897,,22.3608398438,0.637032389641,0.0,14.2445793152,0.0,0.0,0,0,0,False,(),,
2021/07/20/11:09:18.081446,13697,1626772159,755877017,,22.3608398438,0.637032389641,0.0,14.2445793152,0.0,0.0,0,0,0,False,(),,
2021/07/20/11:09:18.123582,13698,1626772159,796005010,,22.3608398438,0.64366543293,0.0,14.3928995132,0.0,0.0,0,0,0,False,(),,
2021/07/20/11:09:18.164364,13699,1626772159,835737943,,22.3608398438,0.64366543293,0.0,14.3928995132,0.0,0.0,0,0,0,False,(),,
2021/07/20/11:09:18.202491,13700,1626772159,875917911,,22.3608398438,0.64366543293,0.0,14.3928995132,0.0,0.0,0,0,0,False,(),,
2021/07/20/11:09:18.241123,13701,1626772159,915888071,,22.3608398438,0.650298476219,0.0,14.541220665,0.0,0.0,0,0,0,False,(),,
2021/07/20/11:09:18.283607,13702,1626772159,955614089,,22.3608398438,0.656931519508,0.0,14.6895418167,0.0,0.0,0,0,0,False,(),,
2021/07/20/11:09:18.322592,13703,1626772159,995780944,,22.3608398438,0.650298476219,0.0,14.541220665,0.0,0.0,0,0,0,False,(),,
2021/07/20/11:09:18.362495,13704,1626772160,35906076,,22.3608398438,0.650298476219,0.0,14.541220665,0.0,0.0,0,0,0,False,(),,
2021/07/20/11:09:18.402957,13705,1626772160,76479911,,22.3608398438,0.64366543293,0.0,14.3928995132,0.0,0.0,0,0,0,False,(),,
2021/07/20/11:09:18.441243,13706,1626772160,115946054,,22.3608398438,0.650298476219,0.0,14.541220665,0.0,0.0,0,0,0,False,(),,
2021/07/20/11:09:18.483053,13707,1626772160,156076908,,22.3608398438,0.650298476219,0.0,14.541220665,0.0,0.0,0,0,0,False,(),,
2021/07/20/11:09:18.524014,13708,1626772160,196177005,,22.3608398438,0.64366543293,0.0,14.3928995132,0.0,0.0,0,0,0,False,(),,
2021/07/20/11:09:18.561632,13709,1626772160,235908985,,22.3608398438,0.656931519508,0.0,14.6895418167,0.0,0.0,0,0,0,False,(),,
2021/07/20/11:09:18.602056,13710,1626772160,275940895,,22.3608398438,0.650298476219,0.0,14.541220665,0.0,0.0,0,0,0,False,(),,
2021/07/20/11:09:18.642640,13711,1626772160,316010951,,22.3608398438,0.656931519508,0.0,14.6895418167,0.0,0.0,0,0,0,False,(),,
2021/07/20/11:09:18.682702,13712,1626772160,355904102,,22.3608398438,0.650298476219,0.0,14.541220665,0.0,0.0,0,0,0,False,(),,
2021/07/20/11:09:18.721526,13713,1626772160,395486116,,22.3608398438,0.650298476219,0.0,14.541220665,0.0,0.0,0,0,0,False,(),,
2021/07/20/11:09:18.762140,13714,1626772160,435883998,,22.3608398438,0.650298476219,0.0,14.541220665,0.0,0.0,0,0,0,False,(),,
2021/07/20/11:09:18.972476,13715,1626772160,475699901,,22.3608398438,0.64366543293,0.0,14.3928995132,0.0,0.0,0,0,0,False,(),,
2021/07/20/11:09:18.972501,13716,1626772160,515923976,,22.3608398438,0.650298476219,0.0,14.541220665,0.0,0.0,0,0,0,False,(),,
2021/07/20/11:09:18.972509,13717,1626772160,555838108,,22.3608398438,0.650298476219,0.0,14.541220665,0.0,0.0,0,0,0,False,(),,
2021/07/20/11:09:18.972520,13718,1626772160,595792055,,22.3608398438,0.64366543293,0.0,14.3928995132,0.0,0.0,0,0,0,False,(),,
2021/07/20/11:09:18.972562,13719,1626772160,636013984,,22.3608398438,0.64366543293,0.0,14.3928995132,0.0,0.0,0,0,0,False,(),,
2021/07/20/11:09:19.123819,13720,1626772160,675725936,,22.3608398438,0.637032389641,0.0,14.2445793152,0.0,0.0,0,0,0,False,(),,
2021/07/20/11:09:19.123833,13721,1626772160,715818881,,22.3608398438,0.637032389641,0.0,14.2445793152,0.0,0.0,0,0,0,False,(),,
2021/07/20/11:09:19.123838,13722,1626772160,755997896,,22.3608398438,0.64366543293,0.0,14.3928995132,0.0,0.0,0,0,0,False,(),,
2021/07/20/11:09:19.124798,13723,1626772160,795874118,,22.3608398438,0.637032389641,0.0,14.2445793152,0.0,0.0,0,0,0,False,(),,
2021/07/20/11:09:19.163014,13724,1626772160,837168931,,22.3608398438,0.650298476219,0.0,14.541220665,0.0,0.0,0,0,0,False,(),,
2021/07/20/11:09:19.205012,13725,1626772160,876046895,,22.3608398438,0.637032389641,0.0,14.2445793152,0.0,0.0,0,0,0,False,(),,
2021/07/20/11:09:19.242598,13726,1626772160,916126012,,22.3608398438,0.637032389641,0.0,14.2445793152,0.0,0.0,0,0,0,False,(),,
2021/07/20/11:09:19.281957,13727,1626772160,956082105,,22.3608398438,0.630399286747,0.0,14.0962581635,0.0,0.0,0,0,0,False,(),,
2021/07/20/11:09:19.321537,13728,1626772160,996011972,,22.3608398438,0.64366543293,0.0,14.3928995132,0.0,0.0,0,0,0,False,(),,
2021/07/20/11:09:19.361498,13729,1626772161,35696983,,22.3608398438,0.637032389641,0.0,14.2445793152,0.0,0.0,0,0,0,False,(),,
2021/07/20/11:09:19.408545,13730,1626772161,76025962,,22.3608398438,0.637032389641,0.0,14.2445793152,0.0,0.0,0,0,0,False,(),,
2021/07/20/11:09:19.441536,13731,1626772161,116138935,,22.3608398438,0.64366543293,0.0,14.3928995132,0.0,0.0,0,0,0,False,(),,
2021/07/20/11:09:19.482955,13732,1626772161,155782938,,22.3608398438,0.64366543293,0.0,14.3928995132,0.0,0.0,0,0,0,False,(),,
2021/07/20/11:09:19.522080,13733,1626772161,195956945,,22.3608398438,0.637032389641,0.0,14.2445793152,0.0,0.0,0,0,0,False,(),,
2021/07/20/11:09:19.561097,13734,1626772161,235891103,,22.3608398438,0.637032389641,0.0,14.2445793152,0.0,0.0,0,0,0,False,(),,
2021/07/20/11:09:19.602607,13735,1626772161,275664091,,22.3608398438,0.637032389641,0.0,14.2445793152,0.0,0.0,0,0,0,False,(),,
2021/07/20/11:09:19.642445,13736,1626772161,316025972,,22.3608398438,0.637032389641,0.0,14.2445793152,0.0,0.0,0,0,0,False,(),,
2021/07/20/11:09:19.681851,13737,1626772161,355914115,,22.3608398438,0.630399286747,0.0,14.0962581635,0.0,0.0,0,0,0,False,(),,
2021/07/20/11:09:19.722792,13738,1626772161,396017074,,22.3608398438,0.325278580189,0.0,7.27350282669,0.0,0.0,0,0,0,False,(),,
2021/07/20/11:09:19.763595,13739,1626772161,435857057,,22.3608398438,0.3186455369,0.0,7.12518167496,0.0,0.0,0,0,0,False,(),,
2021/07/20/11:09:19.807258,13740,1626772161,475682973,,22.3608398438,0.325278580189,0.0,7.27350282669,0.0,0.0,0,0,0,False,(),,
2021/07/20/11:09:20.001317,13741,1626772161,516515970,,22.3824996948,0.312012463808,0.0,6.98361873627,0.0,0.0,0,0,0,False,(),,
2021/07/20/11:09:20.001341,13742,1626772161,555603981,,22.3608398438,0.3186455369,0.0,7.12518167496,0.0,0.0,0,0,0,False,(),,
2021/07/20/11:09:20.001350,13743,1626772161,595765113,,22.3608398438,0.3186455369,0.0,7.12518167496,0.0,0.0,0,0,0,False,(),,
2021/07/20/11:09:20.001357,13744,1626772161,635745048,,22.3608398438,0.3186455369,0.0,7.12518167496,0.0,0.0,0,0,0,False,(),,
2021/07/20/11:09:20.003637,13745,1626772161,676049947,,22.3608398438,0.312012463808,0.0,6.97686100006,0.0,0.0,0,0,0,False,(),,
2021/07/20/11:09:20.041395,13746,1626772161,715920925,,22.3608398438,0.325278580189,0.0,7.27350282669,0.0,0.0,0,0,0,False,(),,
2021/07/20/11:09:20.081161,13747,1626772161,755985975,,22.3608398438,0.325278580189,0.0,7.27350282669,0.0,0.0,0,0,0,False,(),,
2021/07/20/11:09:20.121960,13748,1626772161,795610904,,22.3824996948,0.3186455369,0.0,7.13208341599,0.0,0.0,0,0,0,False,(),,
2021/07/20/11:09:20.161165,13749,1626772161,835650920,,22.3608398438,0.3186455369,0.0,7.12518167496,0.0,0.0,0,0,0,False,(),,
2021/07/20/11:09:20.202652,13750,1626772161,875739097,,22.3824996948,0.325278580189,0.0,7.28054761887,0.0,0.0,0,0,0,False,(),,
2021/07/20/11:09:20.240734,13751,1626772161,915471076,,22.3608398438,0.3186455369,0.0,7.12518167496,0.0,0.0,0,0,0,False,(),,
2021/07/20/11:09:20.280945,13752,1626772161,955544948,,22.3824996948,0.33191165328,0.0,7.42901229858,0.0,0.0,0,0,0,False,(),,
2021/07/20/11:09:20.321879,13753,1626772161,995918989,,22.3608398438,0.3186455369,0.0,7.12518167496,0.0,0.0,0,0,0,False,(),,
2021/07/20/11:09:20.361922,13754,1626772162,36181926,,22.3608398438,0.3186455369,0.0,7.12518167496,0.0,0.0,0,0,0,False,(),,
2021/07/20/11:09:20.401626,13755,1626772162,75874090,,22.3608398438,0.325278580189,0.0,7.27350282669,0.0,0.0,0,0,0,False,(),,
2021/07/20/11:09:20.442156,13756,1626772162,116044998,,22.3608398438,0.325278580189,0.0,7.27350282669,0.0,0.0,0,0,0,False,(),,
2021/07/20/11:09:20.482028,13757,1626772162,156044960,,22.3824996948,0.3186455369,0.0,7.13208341599,0.0,0.0,0,0,0,False,(),,
2021/07/20/11:09:20.522812,13758,1626772162,195763111,,22.3608398438,0.325278580189,0.0,7.27350282669,0.0,0.0,0,0,0,False,(),,
2021/07/20/11:09:20.562282,13759,1626772162,236152887,,22.3608398438,0.325278580189,0.0,7.27350282669,0.0,0.0,0,0,0,False,(),,
2021/07/20/11:09:20.601453,13760,1626772162,275979995,,22.3824996948,0.3186455369,0.0,7.13208341599,0.0,0.0,0,0,0,False,(),,
2021/07/20/11:09:20.641304,13761,1626772162,315584897,,22.3608398438,0.3186455369,0.0,7.12518167496,0.0,0.0,0,0,0,False,(),,
2021/07/20/11:09:20.681597,13762,1626772162,355717897,,22.3608398438,0.325278580189,0.0,7.27350282669,0.0,0.0,0,0,0,False,(),,
2021/07/20/11:09:20.724794,13763,1626772162,396044015,,22.3608398438,0.325278580189,0.0,7.27350282669,0.0,0.0,0,0,0,False,(),,
2021/07/20/11:09:20.762218,13764,1626772162,435904979,,22.3608398438,0.325278580189,0.0,7.27350282669,0.0,0.0,0,0,0,False,(),,
2021/07/20/11:09:20.803298,13765,1626772162,475760936,,22.3608398438,0.312012463808,0.0,6.97686100006,0.0,0.0,0,0,0,False,(),,
2021/07/20/11:09:20.977727,13766,1626772162,515778064,,22.3608398438,0.312012463808,0.0,6.97686100006,0.0,0.0,0,0,0,False,(),,
2021/07/20/11:09:20.977751,13767,1626772162,555917024,,22.3824996948,0.312012463808,0.0,6.98361873627,0.0,0.0,0,0,0,False,(),,
2021/07/20/11:09:20.977761,13768,1626772162,595660924,,22.3608398438,0.3186455369,0.0,7.12518167496,0.0,0.0,0,0,0,False,(),,
2021/07/20/11:09:20.977765,13769,1626772162,635699987,,22.3608398438,0.3186455369,0.0,7.12518167496,0.0,0.0,0,0,0,False,(),,
2021/07/20/11:09:21.001791,13770,1626772162,675685882,,22.3824996948,0.325278580189,0.0,7.28054761887,0.0,0.0,0,0,0,False,(),,
2021/07/20/11:09:21.043559,13771,1626772162,716697931,,22.3608398438,0.325278580189,0.0,7.27350282669,0.0,0.0,0,0,0,False,(),,
2021/07/20/11:09:21.082274,13772,1626772162,755855083,,22.3608398438,0.650298476219,0.0,14.541220665,0.0,0.0,0,0,0,False,(),,
2021/07/20/11:09:21.122531,13773,1626772162,795980930,,22.3608398438,0.690096855164,0.0,15.431145668,0.0,0.0,0,0,0,False,(),,
2021/07/20/11:09:21.161839,13774,1626772162,835742950,,22.3608398438,0.703362941742,0.0,15.7277870178,0.0,0.0,0,0,0,False,(),,
2021/07/20/11:09:21.201901,13775,1626772162,875875949,,22.3608398438,0.703362941742,0.0,15.7277870178,0.0,0.0,0,0,0,False,(),,
2021/07/20/11:09:21.243323,13776,1626772162,916099071,,22.3608398438,0.696729898453,0.0,15.5794658661,0.0,0.0,0,0,0,False,(),,
2021/07/20/11:09:21.283595,13777,1626772162,956269025,,22.3608398438,0.690096855164,0.0,15.431145668,0.0,0.0,0,0,0,False,(),,
2021/07/20/11:09:21.321976,13778,1626772162,995917081,,22.3608398438,0.670197665691,0.0,14.9861831665,0.0,0.0,0,0,0,False,(),,
2021/07/20/11:09:21.363131,13779,1626772163,35653114,,22.3608398438,0.663564622402,0.0,14.8378620148,0.0,0.0,0,0,0,False,(),,
2021/07/20/11:09:21.401473,13780,1626772163,76067924,,22.3391819,0.650298476219,0.0,14.527135849,0.0,0.0,0,0,0,False,(),,
2021/07/20/11:09:21.441444,13781,1626772163,115705966,,22.3608398438,0.656931519508,0.0,14.6895418167,0.0,0.0,0,0,0,False,(),,
2021/07/20/11:09:21.482133,13782,1626772163,155755996,,22.3608398438,0.656931519508,0.0,14.6895418167,0.0,0.0,0,0,0,False,(),,
2021/07/20/11:09:21.523062,13783,1626772163,196288108,,22.3608398438,0.64366543293,0.0,14.3928995132,0.0,0.0,0,0,0,False,(),,
2021/07/20/11:09:21.562364,13784,1626772163,236046075,,22.3608398438,0.663564622402,0.0,14.8378620148,0.0,0.0,0,0,0,False,(),,
2021/07/20/11:09:21.602627,13785,1626772163,275878906,,22.3608398438,0.650298476219,0.0,14.541220665,0.0,0.0,0,0,0,False,(),,
2021/07/20/11:09:21.641530,13786,1626772163,315912008,,22.3608398438,0.650298476219,0.0,14.541220665,0.0,0.0,0,0,0,False,(),,
2021/07/20/11:09:21.681073,13787,1626772163,355540037,,22.3608398438,0.656931519508,0.0,14.6895418167,0.0,0.0,0,0,0,False,(),,
2021/07/20/11:09:21.723258,13788,1626772163,395997047,,22.3608398438,0.650298476219,0.0,14.541220665,0.0,0.0,0,0,0,False,(),,
2021/07/20/11:09:21.762366,13789,1626772163,435781002,,22.3608398438,0.656931519508,0.0,14.6895418167,0.0,0.0,0,0,0,False,(),,
2021/07/20/11:09:21.802034,13790,1626772163,476052999,,22.3608398438,0.650298476219,0.0,14.541220665,0.0,0.0,0,0,0,False,(),,
2021/07/20/11:09:22.007796,13791,1626772163,515741109,,22.3608398438,0.650298476219,0.0,14.541220665,0.0,0.0,0,0,0,False,(),,
2021/07/20/11:09:22.007813,13792,1626772163,556435108,,22.3608398438,0.663564622402,0.0,14.8378620148,0.0,0.0,0,0,0,False,(),,
2021/07/20/11:09:22.007826,13793,1626772163,595664024,,22.3608398438,0.650298476219,0.0,14.541220665,0.0,0.0,0,0,0,False,(),,
2021/07/20/11:09:22.007836,13794,1626772163,635679960,,22.3608398438,0.656931519508,0.0,14.6895418167,0.0,0.0,0,0,0,False,(),,
2021/07/20/11:09:22.007843,13795,1626772163,675602912,,22.3608398438,0.650298476219,0.0,14.541220665,0.0,0.0,0,0,0,False,(),,
2021/07/20/11:09:22.058069,13796,1626772163,715858936,,22.3608398438,0.656931519508,0.0,14.6895418167,0.0,0.0,0,0,0,False,(),,
2021/07/20/11:09:22.081643,13797,1626772163,756040096,,22.3608398438,0.676830708981,0.0,15.1345033646,0.0,0.0,0,0,0,False,(),,
2021/07/20/11:09:22.122718,13798,1626772163,796025037,,22.3608398438,0.656931519508,0.0,14.6895418167,0.0,0.0,0,0,0,False,(),,
2021/07/20/11:09:22.162522,13799,1626772163,835937976,,22.3608398438,0.663564622402,0.0,14.8378620148,0.0,0.0,0,0,0,False,(),,
2021/07/20/11:09:22.201941,13800,1626772163,876363039,,22.3608398438,0.663564622402,0.0,14.8378620148,0.0,0.0,0,0,0,False,(),,
2021/07/20/11:09:22.241272,13801,1626772163,915407896,,22.3608398438,0.663564622402,0.0,14.8378620148,0.0,0.0,0,0,0,False,(),,
2021/07/20/11:09:22.281321,13802,1626772163,955889940,,22.3608398438,0.663564622402,0.0,14.8378620148,0.0,0.0,0,0,0,False,(),,
2021/07/20/11:09:22.323172,13803,1626772163,996078014,,22.3608398438,0.663564622402,0.0,14.8378620148,0.0,0.0,0,0,0,False,(),,
2021/07/20/11:09:22.362867,13804,1626772164,35888910,,22.3608398438,0.663564622402,0.0,14.8378620148,0.0,0.0,0,0,0,False,(),,
2021/07/20/11:09:22.401550,13805,1626772164,76021909,,22.3608398438,0.656931519508,0.0,14.6895418167,0.0,0.0,0,0,0,False,(),,
2021/07/20/11:09:22.443648,13806,1626772164,115900039,,22.3608398438,0.656931519508,0.0,14.6895418167,0.0,0.0,0,0,0,False,(),,
2021/07/20/11:09:22.482229,13807,1626772164,155895948,,22.3608398438,0.663564622402,0.0,14.8378620148,0.0,0.0,0,0,0,False,(),,
2021/07/20/11:09:22.521079,13808,1626772164,196002006,,22.3608398438,0.650298476219,0.0,14.541220665,0.0,0.0,0,0,0,False,(),,
2021/07/20/11:09:22.561138,13809,1626772164,235692977,,22.3608398438,0.656931519508,0.0,14.6895418167,0.0,0.0,0,0,0,False,(),,
2021/07/20/11:09:22.602019,13810,1626772164,275682926,,22.3608398438,0.656931519508,0.0,14.6895418167,0.0,0.0,0,0,0,False,(),,
2021/07/20/11:09:22.642906,13811,1626772164,316291093,,22.3608398438,0.656931519508,0.0,14.6895418167,0.0,0.0,0,0,0,False,(),,
2021/07/20/11:09:22.681821,13812,1626772164,355798006,,22.3608398438,0.656931519508,0.0,14.6895418167,0.0,0.0,0,0,0,False,(),,
2021/07/20/11:09:22.722418,13813,1626772164,395940065,,22.3608398438,0.650298476219,0.0,14.541220665,0.0,0.0,0,0,0,False,(),,
2021/07/20/11:09:22.763541,13814,1626772164,435951948,,22.3608398438,0.650298476219,0.0,14.541220665,0.0,0.0,0,0,0,False,(),,
2021/07/20/11:09:22.807169,13815,1626772164,475945949,,22.3608398438,0.656931519508,0.0,14.6895418167,0.0,0.0,0,0,0,False,(),,
2021/07/20/11:09:23.011883,13816,1626772164,515983104,,22.3608398438,0.650298476219,0.0,14.541220665,0.0,0.0,0,0,0,False,(),,
2021/07/20/11:09:23.011896,13817,1626772164,555671930,,22.3608398438,0.656931519508,0.0,14.6895418167,0.0,0.0,0,0,0,False,(),,
2021/07/20/11:09:23.011911,13818,1626772164,596323966,,22.3608398438,0.656931519508,0.0,14.6895418167,0.0,0.0,0,0,0,False,(),,
2021/07/20/11:09:23.011916,13819,1626772164,635546922,,22.3608398438,0.650298476219,0.0,14.541220665,0.0,0.0,0,0,0,False,(),,
2021/07/20/11:09:23.011920,13820,1626772164,675852060,,22.3608398438,0.656931519508,0.0,14.6895418167,0.0,0.0,0,0,0,False,(),,
2021/07/20/11:09:23.041411,13821,1626772164,715941905,,22.3608398438,0.670197665691,0.0,14.9861831665,0.0,0.0,0,0,0,False,(),,
2021/07/20/11:09:23.081645,13822,1626772164,755861997,,22.3608398438,0.663564622402,0.0,14.8378620148,0.0,0.0,0,0,0,False,(),,
2021/07/20/11:09:23.123181,13823,1626772164,796662092,,22.3608398438,0.663564622402,0.0,14.8378620148,0.0,0.0,0,0,0,False,(),,
2021/07/20/11:09:23.162421,13824,1626772164,835849046,,22.3608398438,0.663564622402,0.0,14.8378620148,0.0,0.0,0,0,0,False,(),,
2021/07/20/11:09:23.201509,13825,1626772164,875893115,,22.3608398438,0.663564622402,0.0,14.8378620148,0.0,0.0,0,0,0,False,(),,
2021/07/20/11:09:23.246423,13826,1626772164,915610074,,22.3608398438,0.656931519508,0.0,14.6895418167,0.0,0.0,0,0,0,False,(),,
2021/07/20/11:09:23.285009,13827,1626772164,955771923,,22.3608398438,0.656931519508,0.0,14.6895418167,0.0,0.0,0,0,0,False,(),,
2021/07/20/11:09:23.322789,13828,1626772164,995979070,,22.3608398438,0.656931519508,0.0,14.6895418167,0.0,0.0,0,0,0,False,(),,
2021/07/20/11:09:23.362701,13829,1626772165,36236047,,22.3608398438,0.650298476219,0.0,14.541220665,0.0,0.0,0,0,0,False,(),,
2021/07/20/11:09:23.402496,13830,1626772165,75897932,,22.3608398438,0.656931519508,0.0,14.6895418167,0.0,0.0,0,0,0,False,(),,
2021/07/20/11:09:23.441396,13831,1626772165,115979909,,22.3608398438,0.64366543293,0.0,14.3928995132,0.0,0.0,0,0,0,False,(),,
2021/07/20/11:09:23.481868,13832,1626772165,155998945,,22.3608398438,0.663564622402,0.0,14.8378620148,0.0,0.0,0,0,0,False,(),,
2021/07/20/11:09:23.521320,13833,1626772165,195791006,,22.3608398438,0.663564622402,0.0,14.8378620148,0.0,0.0,0,0,0,False,(),,
2021/07/20/11:09:23.563113,13834,1626772165,236249923,,22.3608398438,0.656931519508,0.0,14.6895418167,0.0,0.0,0,0,0,False,(),,
2021/07/20/11:09:23.602767,13835,1626772165,276067972,,22.3608398438,0.663564622402,0.0,14.8378620148,0.0,0.0,0,0,0,False,(),,
2021/07/20/11:09:23.642153,13836,1626772165,316015958,,22.3608398438,0.670197665691,0.0,14.9861831665,0.0,0.0,0,0,0,False,(),,
2021/07/20/11:09:23.682458,13837,1626772165,355974912,,22.3608398438,0.670197665691,0.0,14.9861831665,0.0,0.0,0,0,0,False,(),,
2021/07/20/11:09:23.721655,13838,1626772165,395848989,,22.3608398438,0.663564622402,0.0,14.8378620148,0.0,0.0,0,0,0,False,(),,
2021/07/20/11:09:23.762002,13839,1626772165,436319112,,22.3608398438,0.670197665691,0.0,14.9861831665,0.0,0.0,0,0,0,False,(),,
2021/07/20/11:09:23.801433,13840,1626772165,475621938,,22.3608398438,0.670197665691,0.0,14.9861831665,0.0,0.0,0,0,0,False,(),,
2021/07/20/11:09:24.013224,13841,1626772165,515727996,,22.3608398438,0.663564622402,0.0,14.8378620148,0.0,0.0,0,0,0,False,(),,
2021/07/20/11:09:24.013237,13842,1626772165,555757045,,22.3608398438,0.656931519508,0.0,14.6895418167,0.0,0.0,0,0,0,False,(),,
2021/07/20/11:09:24.013243,13843,1626772165,595949888,,22.3608398438,0.663564622402,0.0,14.8378620148,0.0,0.0,0,0,0,False,(),,
2021/07/20/11:09:24.013255,13844,1626772165,635766983,,22.3608398438,0.650298476219,0.0,14.541220665,0.0,0.0,0,0,0,False,(),,
2021/07/20/11:09:24.013282,13845,1626772165,675930976,,22.3608398438,0.650298476219,0.0,14.541220665,0.0,0.0,0,0,0,False,(),,
2021/07/20/11:09:24.041107,13846,1626772165,715743064,,22.3608398438,0.663564622402,0.0,14.8378620148,0.0,0.0,0,0,0,False,(),,
2021/07/20/11:09:24.081528,13847,1626772165,755532026,,22.3608398438,0.663564622402,0.0,14.8378620148,0.0,0.0,0,0,0,False,(),,
2021/07/20/11:09:24.121330,13848,1626772165,796020030,,22.3608398438,0.656931519508,0.0,14.6895418167,0.0,0.0,0,0,0,False,(),,
2021/07/20/11:09:24.162347,13849,1626772165,835743904,,22.3608398438,0.663564622402,0.0,14.8378620148,0.0,0.0,0,0,0,False,(),,
2021/07/20/11:09:24.202176,13850,1626772165,875761032,,22.3608398438,0.656931519508,0.0,14.6895418167,0.0,0.0,0,0,0,False,(),,
2021/07/20/11:09:24.240899,13851,1626772165,915601968,,22.3608398438,0.656931519508,0.0,14.6895418167,0.0,0.0,0,0,0,False,(),,
2021/07/20/11:09:24.281079,13852,1626772165,955470085,,22.3608398438,0.656931519508,0.0,14.6895418167,0.0,0.0,0,0,0,False,(),,
2021/07/20/11:09:24.322122,13853,1626772165,996084928,,22.3608398438,0.650298476219,0.0,14.541220665,0.0,0.0,0,0,0,False,(),,
2021/07/20/11:09:24.362489,13854,1626772166,36127090,,22.3608398438,0.64366543293,0.0,14.3928995132,0.0,0.0,0,0,0,False,(),,
2021/07/20/11:09:24.402973,13855,1626772166,75930118,,22.3608398438,0.650298476219,0.0,14.541220665,0.0,0.0,0,0,0,False,(),,
2021/07/20/11:09:24.441888,13856,1626772166,115972042,,22.3608398438,0.656931519508,0.0,14.6895418167,0.0,0.0,0,0,0,False,(),,
2021/07/20/11:09:24.482821,13857,1626772166,155910968,,22.3608398438,0.64366543293,0.0,14.3928995132,0.0,0.0,0,0,0,False,(),,
2021/07/20/11:09:24.530980,13858,1626772166,195986986,,22.3608398438,0.64366543293,0.0,14.3928995132,0.0,0.0,0,0,0,False,(),,
2021/07/20/11:09:24.561587,13859,1626772166,236119985,,22.3608398438,0.650298476219,0.0,14.541220665,0.0,0.0,0,0,0,False,(),,
2021/07/20/11:09:24.605398,13860,1626772166,275605916,,22.3608398438,0.656931519508,0.0,14.6895418167,0.0,0.0,0,0,0,False,(),,
2021/07/20/11:09:24.641481,13861,1626772166,315850019,,22.3608398438,0.64366543293,0.0,14.3928995132,0.0,0.0,0,0,0,False,(),,
2021/07/20/11:09:24.682363,13862,1626772166,355752944,,22.3608398438,0.64366543293,0.0,14.3928995132,0.0,0.0,0,0,0,False,(),,
2021/07/20/11:09:24.741712,13863,1626772166,396023988,,22.3608398438,0.663564622402,0.0,14.8378620148,0.0,0.0,0,0,0,False,(),,
2021/07/20/11:09:24.761870,13864,1626772166,435911893,,22.3608398438,0.656931519508,0.0,14.6895418167,0.0,0.0,0,0,0,False,(),,
2021/07/20/11:09:24.801718,13865,1626772166,476252079,,22.3608398438,0.650298476219,0.0,14.541220665,0.0,0.0,0,0,0,False,(),,
2021/07/20/11:09:25.012723,13866,1626772166,515944957,,22.3608398438,0.650298476219,0.0,14.541220665,0.0,0.0,0,0,0,False,(),,
2021/07/20/11:09:25.012746,13867,1626772166,555618047,,22.3608398438,0.64366543293,0.0,14.3928995132,0.0,0.0,0,0,0,False,(),,
2021/07/20/11:09:25.012760,13868,1626772166,595912933,,22.3608398438,0.64366543293,0.0,14.3928995132,0.0,0.0,0,0,0,False,(),,
2021/07/20/11:09:25.012767,13869,1626772166,635759115,,22.3608398438,0.637032389641,0.0,14.2445793152,0.0,0.0,0,0,0,False,(),,
2021/07/20/11:09:25.012788,13870,1626772166,675626039,,22.3608398438,0.64366543293,0.0,14.3928995132,0.0,0.0,0,0,0,False,(),,
2021/07/20/11:09:25.041799,13871,1626772166,715918064,,22.3608398438,0.64366543293,0.0,14.3928995132,0.0,0.0,0,0,0,False,(),,
2021/07/20/11:09:25.082357,13872,1626772166,755774021,,22.3608398438,0.312012463808,0.0,6.97686100006,0.0,0.0,0,0,0,False,(),,
2021/07/20/11:09:25.123166,13873,1626772166,795777082,,22.3608398438,0.3186455369,0.0,7.12518167496,0.0,0.0,0,0,0,False,(),,
2021/07/20/11:09:25.162887,13874,1626772166,835906028,,22.3608398438,0.325278580189,0.0,7.27350282669,0.0,0.0,0,0,0,False,(),,
2021/07/20/11:09:25.201774,13875,1626772166,876377105,,22.3608398438,0.3186455369,0.0,7.12518167496,0.0,0.0,0,0,0,False,(),,
2021/07/20/11:09:25.242391,13876,1626772166,915910959,,22.3608398438,0.312012463808,0.0,6.97686100006,0.0,0.0,0,0,0,False,(),,
2021/07/20/11:09:25.281750,13877,1626772166,955712080,,22.3608398438,0.325278580189,0.0,7.27350282669,0.0,0.0,0,0,0,False,(),,
2021/07/20/11:09:25.322157,13878,1626772166,995980978,,22.3608398438,0.312012463808,0.0,6.97686100006,0.0,0.0,0,0,0,False,(),,
2021/07/20/11:09:25.362449,13879,1626772167,35974979,,22.3824996948,0.3186455369,0.0,7.13208341599,0.0,0.0,0,0,0,False,(),,
2021/07/20/11:09:25.402570,13880,1626772167,76037883,,22.3608398438,0.3186455369,0.0,7.12518167496,0.0,0.0,0,0,0,False,(),,
2021/07/20/11:09:25.442287,13881,1626772167,115959882,,22.3608398438,0.325278580189,0.0,7.27350282669,0.0,0.0,0,0,0,False,(),,
2021/07/20/11:09:25.482126,13882,1626772167,155669927,,22.3824996948,0.325278580189,0.0,7.28054761887,0.0,0.0,0,0,0,False,(),,
2021/07/20/11:09:25.521998,13883,1626772167,195739984,,22.3608398438,0.312012463808,0.0,6.97686100006,0.0,0.0,0,0,0,False,(),,
2021/07/20/11:09:25.562763,13884,1626772167,235867023,,22.3608398438,0.3186455369,0.0,7.12518167496,0.0,0.0,0,0,0,False,(),,
2021/07/20/11:09:25.602063,13885,1626772167,275804996,,22.3824996948,0.325278580189,0.0,7.28054761887,0.0,0.0,0,0,0,False,(),,
2021/07/20/11:09:25.641878,13886,1626772167,315920114,,22.3608398438,0.3186455369,0.0,7.12518167496,0.0,0.0,0,0,0,False,(),,
2021/07/20/11:09:25.681557,13887,1626772167,356120109,,22.3608398438,0.3186455369,0.0,7.12518167496,0.0,0.0,0,0,0,False,(),,
2021/07/20/11:09:25.721769,13888,1626772167,395936965,,22.3608398438,0.3186455369,0.0,7.12518167496,0.0,0.0,0,0,0,False,(),,
2021/07/20/11:09:25.763622,13889,1626772167,435709953,,22.3824996948,0.3186455369,0.0,7.13208341599,0.0,0.0,0,0,0,False,(),,
2021/07/20/11:09:25.803312,13890,1626772167,475894927,,22.3608398438,0.325278580189,0.0,7.27350282669,0.0,0.0,0,0,0,False,(),,
2021/07/20/11:09:26.012784,13891,1626772167,516055107,,22.3608398438,0.312012463808,0.0,6.97686100006,0.0,0.0,0,0,0,False,(),,
2021/07/20/11:09:26.012805,13892,1626772167,555705070,,22.3824996948,0.3186455369,0.0,7.13208341599,0.0,0.0,0,0,0,False,(),,
2021/07/20/11:09:26.012812,13893,1626772167,595841884,,22.3608398438,0.312012463808,0.0,6.97686100006,0.0,0.0,0,0,0,False,(),,
2021/07/20/11:09:26.012819,13894,1626772167,635771989,,22.3608398438,0.312012463808,0.0,6.97686100006,0.0,0.0,0,0,0,False,(),,
2021/07/20/11:09:26.012836,13895,1626772167,675967931,,22.3608398438,0.3186455369,0.0,7.12518167496,0.0,0.0,0,0,0,False,(),,
2021/07/20/11:09:26.070881,13896,1626772167,715703964,,22.3824996948,0.3186455369,0.0,7.13208341599,0.0,0.0,0,0,0,False,(),,
2021/07/20/11:09:26.082396,13897,1626772167,755866050,,22.3608398438,0.325278580189,0.0,7.27350282669,0.0,0.0,0,0,0,False,(),,
2021/07/20/11:09:26.121687,13898,1626772167,796052932,,22.3608398438,0.444673657417,0.0,9.94327640533,0.0,0.0,0,0,0,False,(),,
2021/07/20/11:09:26.162187,13899,1626772167,835990905,,22.3608398438,0.630399286747,0.0,14.0962581635,0.0,0.0,0,0,0,False,(),,
2021/07/20/11:09:26.202043,13900,1626772167,875870943,,22.3608398438,0.696729898453,0.0,15.5794658661,0.0,0.0,0,0,0,False,(),,
2021/07/20/11:09:26.242886,13901,1626772167,915827989,,22.3608398438,0.709996044636,0.0,15.8761072159,0.0,0.0,0,0,0,False,(),,
2021/07/20/11:09:26.281894,13902,1626772167,955961942,,22.3608398438,0.716629087925,0.0,16.0244293213,0.0,0.0,0,0,0,False,(),,
2021/07/20/11:09:26.321111,13903,1626772167,995620012,,22.3608398438,0.703362941742,0.0,15.7277870178,0.0,0.0,0,0,0,False,(),,
2021/07/20/11:09:26.362534,13904,1626772168,35985946,,22.3608398438,0.696729898453,0.0,15.5794658661,0.0,0.0,0,0,0,False,(),,
2021/07/20/11:09:26.401833,13905,1626772168,75973987,,22.3608398438,0.683463811874,0.0,15.2828245163,0.0,0.0,0,0,0,False,(),,
2021/07/20/11:09:26.441810,13906,1626772168,115930080,,22.3608398438,0.676830708981,0.0,15.1345033646,0.0,0.0,0,0,0,False,(),,
2021/07/20/11:09:26.482003,13907,1626772168,155663013,,22.3608398438,0.670197665691,0.0,14.9861831665,0.0,0.0,0,0,0,False,(),,
2021/07/20/11:09:26.521712,13908,1626772168,196305990,,22.3608398438,0.656931519508,0.0,14.6895418167,0.0,0.0,0,0,0,False,(),,
2021/07/20/11:09:26.563195,13909,1626772168,236016988,,22.3608398438,0.663564622402,0.0,14.8378620148,0.0,0.0,0,0,0,False,(),,
2021/07/20/11:09:26.601418,13910,1626772168,275988101,,22.3608398438,0.663564622402,0.0,14.8378620148,0.0,0.0,0,0,0,False,(),,
2021/07/20/11:09:26.641680,13911,1626772168,316082000,,22.3608398438,0.656931519508,0.0,14.6895418167,0.0,0.0,0,0,0,False,(),,
2021/07/20/11:09:26.682529,13912,1626772168,355999946,,22.3608398438,0.663564622402,0.0,14.8378620148,0.0,0.0,0,0,0,False,(),,
2021/07/20/11:09:26.721977,13913,1626772168,395953893,,22.3608398438,0.663564622402,0.0,14.8378620148,0.0,0.0,0,0,0,False,(),,
2021/07/20/11:09:26.762025,13914,1626772168,436013936,,22.3608398438,0.656931519508,0.0,14.6895418167,0.0,0.0,0,0,0,False,(),,
2021/07/20/11:09:26.801844,13915,1626772168,475567102,,22.3608398438,0.656931519508,0.0,14.6895418167,0.0,0.0,0,0,0,False,(),,
2021/07/20/11:09:27.012556,13916,1626772168,515896081,,22.3608398438,0.650298476219,0.0,14.541220665,0.0,0.0,0,0,0,False,(),,
2021/07/20/11:09:27.012571,13917,1626772168,555877923,,22.3608398438,0.656931519508,0.0,14.6895418167,0.0,0.0,0,0,0,False,(),,
2021/07/20/11:09:27.012575,13918,1626772168,596049070,,22.3608398438,0.656931519508,0.0,14.6895418167,0.0,0.0,0,0,0,False,(),,
2021/07/20/11:09:27.012578,13919,1626772168,635798931,,22.3608398438,0.663564622402,0.0,14.8378620148,0.0,0.0,0,0,0,False,(),,
2021/07/20/11:09:27.012684,13920,1626772168,675767898,,22.3608398438,0.656931519508,0.0,14.6895418167,0.0,0.0,0,0,0,False,(),,
2021/07/20/11:09:27.041955,13921,1626772168,716032028,,22.3608398438,0.663564622402,0.0,14.8378620148,0.0,0.0,0,0,0,False,(),,
2021/07/20/11:09:27.087095,13922,1626772168,755567073,,22.3608398438,0.663564622402,0.0,14.8378620148,0.0,0.0,0,0,0,False,(),,
2021/07/20/11:09:27.120854,13923,1626772168,795819044,,22.3608398438,0.656931519508,0.0,14.6895418167,0.0,0.0,0,0,0,False,(),,
2021/07/20/11:09:27.168150,13924,1626772168,836085081,,22.3608398438,0.663564622402,0.0,14.8378620148,0.0,0.0,0,0,0,False,(),,
2021/07/20/11:09:27.202859,13925,1626772168,875948905,,22.3608398438,0.670197665691,0.0,14.9861831665,0.0,0.0,0,0,0,False,(),,
2021/07/20/11:09:27.242299,13926,1626772168,915977001,,22.3608398438,0.670197665691,0.0,14.9861831665,0.0,0.0,0,0,0,False,(),,
2021/07/20/11:09:27.290159,13927,1626772168,955979108,,22.3608398438,0.670197665691,0.0,14.9861831665,0.0,0.0,0,0,0,False,(),,
2021/07/20/11:09:27.322484,13928,1626772168,996016025,,22.3608398438,0.656931519508,0.0,14.6895418167,0.0,0.0,0,0,0,False,(),,
2021/07/20/11:09:27.362119,13929,1626772169,35967111,,22.3608398438,0.670197665691,0.0,14.9861831665,0.0,0.0,0,0,0,False,(),,
2021/07/20/11:09:27.402239,13930,1626772169,76564073,,22.3608398438,0.670197665691,0.0,14.9861831665,0.0,0.0,0,0,0,False,(),,
2021/07/20/11:09:27.450173,13931,1626772169,115700006,,22.3608398438,0.670197665691,0.0,14.9861831665,0.0,0.0,0,0,0,False,(),,
2021/07/20/11:09:27.486595,13932,1626772169,155900955,,22.3608398438,0.690096855164,0.0,15.431145668,0.0,0.0,0,0,0,False,(),,
2021/07/20/11:09:27.524456,13933,1626772169,195967912,,22.3608398438,0.676830708981,0.0,15.1345033646,0.0,0.0,0,0,0,False,(),,
2021/07/20/11:09:27.562586,13934,1626772169,235929965,,22.3608398438,0.670197665691,0.0,14.9861831665,0.0,0.0,0,0,0,False,(),,
2021/07/20/11:09:27.601928,13935,1626772169,276024103,,22.3608398438,0.670197665691,0.0,14.9861831665,0.0,0.0,0,0,0,False,(),,
2021/07/20/11:09:27.642323,13936,1626772169,315748929,,22.3608398438,0.676830708981,0.0,15.1345033646,0.0,0.0,0,0,0,False,(),,
2021/07/20/11:09:27.682507,13937,1626772169,355623006,,22.3608398438,0.676830708981,0.0,15.1345033646,0.0,0.0,0,0,0,False,(),,
2021/07/20/11:09:27.721985,13938,1626772169,396141052,,22.3608398438,0.676830708981,0.0,15.1345033646,0.0,0.0,0,0,0,False,(),,
2021/07/20/11:09:27.761612,13939,1626772169,435554981,,22.3608398438,0.670197665691,0.0,14.9861831665,0.0,0.0,0,0,0,False,(),,
2021/07/20/11:09:27.801353,13940,1626772169,475862026,,22.3608398438,0.670197665691,0.0,14.9861831665,0.0,0.0,0,0,0,False,(),,
2021/07/20/11:09:28.013560,13941,1626772169,515954971,,22.3608398438,0.656931519508,0.0,14.6895418167,0.0,0.0,0,0,0,False,(),,
2021/07/20/11:09:28.013580,13942,1626772169,555792093,,22.3608398438,0.656931519508,0.0,14.6895418167,0.0,0.0,0,0,0,False,(),,
2021/07/20/11:09:28.013591,13943,1626772169,595927000,,22.3608398438,0.670197665691,0.0,14.9861831665,0.0,0.0,0,0,0,False,(),,
2021/07/20/11:09:28.013597,13944,1626772169,635756015,,22.3608398438,0.656931519508,0.0,14.6895418167,0.0,0.0,0,0,0,False,(),,
2021/07/20/11:09:28.013632,13945,1626772169,675636053,,22.3608398438,0.670197665691,0.0,14.9861831665,0.0,0.0,0,0,0,False,(),,
2021/07/20/11:09:28.042083,13946,1626772169,716026067,,22.3608398438,0.663564622402,0.0,14.8378620148,0.0,0.0,0,0,0,False,(),,
2021/07/20/11:09:28.081298,13947,1626772169,755763053,,22.3608398438,0.676830708981,0.0,15.1345033646,0.0,0.0,0,0,0,False,(),,
2021/07/20/11:09:28.122348,13948,1626772169,795953035,,22.3608398438,0.670197665691,0.0,14.9861831665,0.0,0.0,0,0,0,False,(),,
2021/07/20/11:09:28.162994,13949,1626772169,836438894,,22.3608398438,0.670197665691,0.0,14.9861831665,0.0,0.0,0,0,0,False,(),,
2021/07/20/11:09:28.203411,13950,1626772169,875761032,,22.3608398438,0.670197665691,0.0,14.9861831665,0.0,0.0,0,0,0,False,(),,
2021/07/20/11:09:28.240754,13951,1626772169,915452003,,22.3608398438,0.663564622402,0.0,14.8378620148,0.0,0.0,0,0,0,False,(),,
2021/07/20/11:09:28.281975,13952,1626772169,955653905,,22.3608398438,0.690096855164,0.0,15.431145668,0.0,0.0,0,0,0,False,(),,
2021/07/20/11:09:28.322890,13953,1626772169,995785951,,22.3608398438,0.676830708981,0.0,15.1345033646,0.0,0.0,0,0,0,False,(),,
2021/07/20/11:09:28.365499,13954,1626772170,36040067,,22.3608398438,0.663564622402,0.0,14.8378620148,0.0,0.0,0,0,0,False,(),,
2021/07/20/11:09:28.410953,13955,1626772170,75962066,,22.3608398438,0.683463811874,0.0,15.2828245163,0.0,0.0,0,0,0,False,(),,
2021/07/20/11:09:28.441972,13956,1626772170,115936994,,22.3608398438,0.663564622402,0.0,14.8378620148,0.0,0.0,0,0,0,False,(),,
2021/07/20/11:09:28.481918,13957,1626772170,155880928,,22.3608398438,0.663564622402,0.0,14.8378620148,0.0,0.0,0,0,0,False,(),,
2021/07/20/11:09:28.522836,13958,1626772170,196212053,,22.3608398438,0.656931519508,0.0,14.6895418167,0.0,0.0,0,0,0,False,(),,
2021/07/20/11:09:28.562164,13959,1626772170,235723972,,22.3608398438,0.663564622402,0.0,14.8378620148,0.0,0.0,0,0,0,False,(),,
2021/07/20/11:09:28.602475,13960,1626772170,275774955,,22.3608398438,0.670197665691,0.0,14.9861831665,0.0,0.0,0,0,0,False,(),,
2021/07/20/11:09:28.642168,13961,1626772170,316255092,,22.3608398438,0.656931519508,0.0,14.6895418167,0.0,0.0,0,0,0,False,(),,
2021/07/20/11:09:28.682680,13962,1626772170,356816053,,22.3608398438,0.670197665691,0.0,14.9861831665,0.0,0.0,0,0,0,False,(),,
2021/07/20/11:09:28.724321,13963,1626772170,396001100,,22.3608398438,0.670197665691,0.0,14.9861831665,0.0,0.0,0,0,0,False,(),,
2021/07/20/11:09:28.762036,13964,1626772170,435930967,,22.3608398438,0.670197665691,0.0,14.9861831665,0.0,0.0,0,0,0,False,(),,
2021/07/20/11:09:28.802181,13965,1626772170,475260019,,22.3608398438,0.663564622402,0.0,14.8378620148,0.0,0.0,0,0,0,False,(),,
2021/07/20/11:09:29.012379,13966,1626772170,515571117,,22.3608398438,0.656931519508,0.0,14.6895418167,0.0,0.0,0,0,0,False,(),,
2021/07/20/11:09:29.012402,13967,1626772170,555931091,,22.3608398438,0.663564622402,0.0,14.8378620148,0.0,0.0,0,0,0,False,(),,
2021/07/20/11:09:29.012415,13968,1626772170,595732927,,22.3608398438,0.670197665691,0.0,14.9861831665,0.0,0.0,0,0,0,False,(),,
2021/07/20/11:09:29.012421,13969,1626772170,635883092,,22.3608398438,0.663564622402,0.0,14.8378620148,0.0,0.0,0,0,0,False,(),,
2021/07/20/11:09:29.012426,13970,1626772170,675501108,,22.3608398438,0.670197665691,0.0,14.9861831665,0.0,0.0,0,0,0,False,(),,
2021/07/20/11:09:29.057891,13971,1626772170,715542078,,22.3608398438,0.663564622402,0.0,14.8378620148,0.0,0.0,0,0,0,False,(),,
2021/07/20/11:09:29.081655,13972,1626772170,755776882,,22.3608398438,0.663564622402,0.0,14.8378620148,0.0,0.0,0,0,0,False,(),,
2021/07/20/11:09:29.121982,13973,1626772170,796144962,,22.3608398438,0.670197665691,0.0,14.9861831665,0.0,0.0,0,0,0,False,(),,
2021/07/20/11:09:29.161607,13974,1626772170,835794925,,22.3608398438,0.676830708981,0.0,15.1345033646,0.0,0.0,0,0,0,False,(),,
2021/07/20/11:09:29.201822,13975,1626772170,876008033,,22.3608398438,0.683463811874,0.0,15.2828245163,0.0,0.0,0,0,0,False,(),,
2021/07/20/11:09:29.242079,13976,1626772170,916017055,,22.3608398438,0.676830708981,0.0,15.1345033646,0.0,0.0,0,0,0,False,(),,
2021/07/20/11:09:29.282261,13977,1626772170,955868959,,22.3608398438,0.676830708981,0.0,15.1345033646,0.0,0.0,0,0,0,False,(),,
2021/07/20/11:09:29.322623,13978,1626772170,996064901,,22.3608398438,0.676830708981,0.0,15.1345033646,0.0,0.0,0,0,0,False,(),,
2021/07/20/11:09:29.361884,13979,1626772171,35778999,,22.3608398438,0.670197665691,0.0,14.9861831665,0.0,0.0,0,0,0,False,(),,
2021/07/20/11:09:29.402515,13980,1626772171,75782060,,22.3608398438,0.670197665691,0.0,14.9861831665,0.0,0.0,0,0,0,False,(),,
2021/07/20/11:09:29.442360,13981,1626772171,115974903,,22.3608398438,0.663564622402,0.0,14.8378620148,0.0,0.0,0,0,0,False,(),,
2021/07/20/11:09:29.482170,13982,1626772171,156148910,,22.3608398438,0.663564622402,0.0,14.8378620148,0.0,0.0,0,0,0,False,(),,
2021/07/20/11:09:29.524357,13983,1626772171,195879936,,22.3608398438,0.670197665691,0.0,14.9861831665,0.0,0.0,0,0,0,False,(),,
2021/07/20/11:09:29.562453,13984,1626772171,235788106,,22.3391819,0.663564622402,0.0,14.8234901428,0.0,0.0,0,0,0,False,(),,
2021/07/20/11:09:29.603812,13985,1626772171,275959014,,22.3608398438,0.663564622402,0.0,14.8378620148,0.0,0.0,0,0,0,False,(),,
2021/07/20/11:09:29.646045,13986,1626772171,315674066,,22.3608398438,0.663564622402,0.0,14.8378620148,0.0,0.0,0,0,0,False,(),,
2021/07/20/11:09:29.686438,13987,1626772171,355778932,,22.3608398438,0.656931519508,0.0,14.6895418167,0.0,0.0,0,0,0,False,(),,
2021/07/20/11:09:29.723437,13988,1626772171,395941972,,22.3608398438,0.663564622402,0.0,14.8378620148,0.0,0.0,0,0,0,False,(),,
2021/07/20/11:09:29.762320,13989,1626772171,435796022,,22.3608398438,0.656931519508,0.0,14.6895418167,0.0,0.0,0,0,0,False,(),,
2021/07/20/11:09:29.801334,13990,1626772171,475631952,,22.3608398438,0.650298476219,0.0,14.541220665,0.0,0.0,0,0,0,False,(),,
2021/07/20/11:09:30.012104,13991,1626772171,515641927,,22.3608398438,0.650298476219,0.0,14.541220665,0.0,0.0,0,0,0,False,(),,
2021/07/20/11:09:30.012125,13992,1626772171,555994987,,22.3608398438,0.663564622402,0.0,14.8378620148,0.0,0.0,0,0,0,False,(),,
2021/07/20/11:09:30.012131,13993,1626772171,595935106,,22.3608398438,0.663564622402,0.0,14.8378620148,0.0,0.0,0,0,0,False,(),,
2021/07/20/11:09:30.012137,13994,1626772171,635786056,,22.3608398438,0.656931519508,0.0,14.6895418167,0.0,0.0,0,0,0,False,(),,
2021/07/20/11:09:30.012148,13995,1626772171,675765991,,22.3608398438,0.656931519508,0.0,14.6895418167,0.0,0.0,0,0,0,False,(),,
2021/07/20/11:09:30.059855,13996,1626772171,715651035,,22.3608398438,0.656931519508,0.0,14.6895418167,0.0,0.0,0,0,0,False,(),,
2021/07/20/11:09:30.080775,13997,1626772171,755696058,,22.3608398438,0.650298476219,0.0,14.541220665,0.0,0.0,0,0,0,False,(),,
2021/07/20/11:09:30.122432,13998,1626772171,795592069,,22.3608398438,0.663564622402,0.0,14.8378620148,0.0,0.0,0,0,0,False,(),,
2021/07/20/11:09:30.162760,13999,1626772171,835890054,,22.3608398438,0.325278580189,0.0,7.27350282669,0.0,0.0,0,0,0,False,(),,
2021/07/20/11:09:30.201547,14000,1626772171,875982046,,22.3608398438,0.325278580189,0.0,7.27350282669,0.0,0.0,0,0,0,False,(),,
2021/07/20/11:09:30.241136,14001,1626772171,915818929,,22.3608398438,0.3186455369,0.0,7.12518167496,0.0,0.0,0,0,0,False,(),,
2021/07/20/11:09:30.291285,14002,1626772171,955936908,,22.3608398438,0.3186455369,0.0,7.12518167496,0.0,0.0,0,0,0,False,(),,
2021/07/20/11:09:30.322232,14003,1626772171,995862007,,22.3608398438,0.305379420519,0.0,6.82854032516,0.0,0.0,0,0,0,False,(),,
2021/07/20/11:09:30.362797,14004,1626772172,36181926,,22.3608398438,0.325278580189,0.0,7.27350282669,0.0,0.0,0,0,0,False,(),,
2021/07/20/11:09:30.402500,14005,1626772172,75936079,,22.3608398438,0.3186455369,0.0,7.12518167496,0.0,0.0,0,0,0,False,(),,
2021/07/20/11:09:30.441919,14006,1626772172,115758895,,22.3608398438,0.312012463808,0.0,6.97686100006,0.0,0.0,0,0,0,False,(),,
2021/07/20/11:09:30.481329,14007,1626772172,155931949,,22.3824996948,0.3186455369,0.0,7.13208341599,0.0,0.0,0,0,0,False,(),,
2021/07/20/11:09:30.521335,14008,1626772172,195871114,,22.3608398438,0.312012463808,0.0,6.97686100006,0.0,0.0,0,0,0,False,(),,
2021/07/20/11:09:30.562365,14009,1626772172,235929965,,22.3608398438,0.3186455369,0.0,7.12518167496,0.0,0.0,0,0,0,False,(),,
2021/07/20/11:09:30.602223,14010,1626772172,276082038,,22.3608398438,0.3186455369,0.0,7.12518167496,0.0,0.0,0,0,0,False,(),,
2021/07/20/11:09:30.642394,14011,1626772172,316047906,,22.3608398438,0.3186455369,0.0,7.12518167496,0.0,0.0,0,0,0,False,(),,
2021/07/20/11:09:30.682582,14012,1626772172,355889081,,22.3608398438,0.325278580189,0.0,7.27350282669,0.0,0.0,0,0,0,False,(),,
2021/07/20/11:09:30.721432,14013,1626772172,396018981,,22.3608398438,0.325278580189,0.0,7.27350282669,0.0,0.0,0,0,0,False,(),,
2021/07/20/11:09:30.763260,14014,1626772172,436433076,,22.3608398438,0.325278580189,0.0,7.27350282669,0.0,0.0,0,0,0,False,(),,
2021/07/20/11:09:30.803027,14015,1626772172,476260900,,22.3608398438,0.3186455369,0.0,7.12518167496,0.0,0.0,0,0,0,False,(),,
2021/07/20/11:09:31.011905,14016,1626772172,515780925,,22.3608398438,0.3186455369,0.0,7.12518167496,0.0,0.0,0,0,0,False,(),,
2021/07/20/11:09:31.011938,14017,1626772172,556164979,,22.3608398438,0.3186455369,0.0,7.12518167496,0.0,0.0,0,0,0,False,(),,
2021/07/20/11:09:31.012158,14018,1626772172,595964908,,22.3824996948,0.3186455369,0.0,7.13208341599,0.0,0.0,0,0,0,False,(),,
2021/07/20/11:09:31.012167,14019,1626772172,636121988,,22.3608398438,0.325278580189,0.0,7.27350282669,0.0,0.0,0,0,0,False,(),,
2021/07/20/11:09:31.012192,14020,1626772172,675868034,,22.3608398438,0.312012463808,0.0,6.97686100006,0.0,0.0,0,0,0,False,(),,
2021/07/20/11:09:31.041369,14021,1626772172,715987920,,22.3824996948,0.3186455369,0.0,7.13208341599,0.0,0.0,0,0,0,False,(),,
2021/07/20/11:09:31.083109,14022,1626772172,755763053,,22.3608398438,0.325278580189,0.0,7.27350282669,0.0,0.0,0,0,0,False,(),,
2021/07/20/11:09:31.121743,14023,1626772172,795960903,,22.3608398438,0.325278580189,0.0,7.27350282669,0.0,0.0,0,0,0,False,(),,
2021/07/20/11:09:31.162492,14024,1626772172,836294889,,22.3608398438,0.33191165328,0.0,7.42182350159,0.0,0.0,0,0,0,False,(),,
2021/07/20/11:09:31.203156,14025,1626772172,876048088,,22.3608398438,0.312012463808,0.0,6.97686100006,0.0,0.0,0,0,0,False,(),,
2021/07/20/11:09:31.240888,14026,1626772172,915591955,,22.3608398438,0.325278580189,0.0,7.27350282669,0.0,0.0,0,0,0,False,(),,
2021/07/20/11:09:31.281578,14027,1626772172,955622911,,22.3608398438,0.312012463808,0.0,6.97686100006,0.0,0.0,0,0,0,False,(),,
2021/07/20/11:09:31.321130,14028,1626772172,995584011,,22.3608398438,0.325278580189,0.0,7.27350282669,0.0,0.0,0,0,0,False,(),,
2021/07/20/11:09:31.363134,14029,1626772173,35932064,,22.3608398438,0.623766243458,0.0,13.9479379654,0.0,0.0,0,0,0,False,(),,
2021/07/20/11:09:31.402787,14030,1626772173,75944900,,22.3608398438,0.709996044636,0.0,15.8761072159,0.0,0.0,0,0,0,False,(),,
2021/07/20/11:09:31.442064,14031,1626772173,116086959,,22.3608398438,0.743161320686,0.0,16.6177120209,0.0,0.0,0,0,0,False,(),,
2021/07/20/11:09:31.483540,14032,1626772173,155929088,,22.3608398438,0.763060510159,0.0,17.0626735687,0.0,0.0,0,0,0,False,(),,
2021/07/20/11:09:31.523726,14033,1626772173,195863008,,22.3608398438,0.743161320686,0.0,16.6177120209,0.0,0.0,0,0,0,False,(),,
2021/07/20/11:09:31.561441,14034,1626772173,236051082,,22.3608398438,0.716629087925,0.0,16.0244293213,0.0,0.0,0,0,0,False,(),,
2021/07/20/11:09:31.602372,14035,1626772173,275619983,,22.3608398438,0.709996044636,0.0,15.8761072159,0.0,0.0,0,0,0,False,(),,
2021/07/20/11:09:31.642789,14036,1626772173,316315889,,22.3608398438,0.676830708981,0.0,15.1345033646,0.0,0.0,0,0,0,False,(),,
2021/07/20/11:09:31.681328,14037,1626772173,355952978,,22.3608398438,0.683463811874,0.0,15.2828245163,0.0,0.0,0,0,0,False,(),,
2021/07/20/11:09:31.722486,14038,1626772173,396270990,,22.3608398438,0.696729898453,0.0,15.5794658661,0.0,0.0,0,0,0,False,(),,
2021/07/20/11:09:31.762569,14039,1626772173,435656070,,22.3608398438,0.676830708981,0.0,15.1345033646,0.0,0.0,0,0,0,False,(),,
2021/07/20/11:09:31.801538,14040,1626772173,475925922,,22.3608398438,0.663564622402,0.0,14.8378620148,0.0,0.0,0,0,0,False,(),,
2021/07/20/11:09:32.011215,14041,1626772173,515759944,,22.3608398438,0.663564622402,0.0,14.8378620148,0.0,0.0,0,0,0,False,(),,
2021/07/20/11:09:32.011243,14042,1626772173,555921077,,22.3608398438,0.663564622402,0.0,14.8378620148,0.0,0.0,0,0,0,False,(),,
2021/07/20/11:09:32.011262,14043,1626772173,595626115,,22.3608398438,0.663564622402,0.0,14.8378620148,0.0,0.0,0,0,0,False,(),,
2021/07/20/11:09:32.011277,14044,1626772173,635937929,,22.3608398438,0.683463811874,0.0,15.2828245163,0.0,0.0,0,0,0,False,(),,
2021/07/20/11:09:32.011303,14045,1626772173,675928115,,22.3608398438,0.670197665691,0.0,14.9861831665,0.0,0.0,0,0,0,False,(),,
2021/07/20/11:09:32.042152,14046,1626772173,716147899,,22.3608398438,0.690096855164,0.0,15.431145668,0.0,0.0,0,0,0,False,(),,
2021/07/20/11:09:32.082333,14047,1626772173,756000041,,22.3608398438,0.670197665691,0.0,14.9861831665,0.0,0.0,0,0,0,False,(),,
2021/07/20/11:09:32.122869,14048,1626772173,796394109,,22.3608398438,0.683463811874,0.0,15.2828245163,0.0,0.0,0,0,0,False,(),,
2021/07/20/11:09:32.161929,14049,1626772173,835886001,,22.3608398438,0.683463811874,0.0,15.2828245163,0.0,0.0,0,0,0,False,(),,
2021/07/20/11:09:32.205327,14050,1626772173,875979900,,22.3608398438,0.676830708981,0.0,15.1345033646,0.0,0.0,0,0,0,False,(),,
2021/07/20/11:09:32.240833,14051,1626772173,915582895,,22.3608398438,0.690096855164,0.0,15.431145668,0.0,0.0,0,0,0,False,(),,
2021/07/20/11:09:32.281364,14052,1626772173,955626010,,22.3608398438,0.683463811874,0.0,15.2828245163,0.0,0.0,0,0,0,False,(),,
2021/07/20/11:09:32.322564,14053,1626772173,996234893,,22.3608398438,0.696729898453,0.0,15.5794658661,0.0,0.0,0,0,0,False,(),,
2021/07/20/11:09:32.362272,14054,1626772174,36132097,,22.3608398438,0.690096855164,0.0,15.431145668,0.0,0.0,0,0,0,False,(),,
2021/07/20/11:09:32.401487,14055,1626772174,76081991,,22.3608398438,0.683463811874,0.0,15.2828245163,0.0,0.0,0,0,0,False,(),,
2021/07/20/11:09:32.442006,14056,1626772174,115622997,,22.3608398438,0.690096855164,0.0,15.431145668,0.0,0.0,0,0,0,False,(),,
2021/07/20/11:09:32.485204,14057,1626772174,155945062,,22.3608398438,0.676830708981,0.0,15.1345033646,0.0,0.0,0,0,0,False,(),,
2021/07/20/11:09:32.523005,14058,1626772174,196468114,,22.3608398438,0.683463811874,0.0,15.2828245163,0.0,0.0,0,0,0,False,(),,
2021/07/20/11:09:32.563834,14059,1626772174,235743999,,22.3608398438,0.670197665691,0.0,14.9861831665,0.0,0.0,0,0,0,False,(),,
2021/07/20/11:09:32.603360,14060,1626772174,275877952,,22.3608398438,0.683463811874,0.0,15.2828245163,0.0,0.0,0,0,0,False,(),,
2021/07/20/11:09:32.643790,14061,1626772174,315973043,,22.3608398438,0.670197665691,0.0,14.9861831665,0.0,0.0,0,0,0,False,(),,
2021/07/20/11:09:32.681378,14062,1626772174,355725049,,22.3608398438,0.676830708981,0.0,15.1345033646,0.0,0.0,0,0,0,False,(),,
2021/07/20/11:09:32.723732,14063,1626772174,395636081,,22.3608398438,0.690096855164,0.0,15.431145668,0.0,0.0,0,0,0,False,(),,
2021/07/20/11:09:32.761467,14064,1626772174,435930967,,22.3608398438,0.676830708981,0.0,15.1345033646,0.0,0.0,0,0,0,False,(),,
2021/07/20/11:09:32.802550,14065,1626772174,476056098,,22.3608398438,0.683463811874,0.0,15.2828245163,0.0,0.0,0,0,0,False,(),,
2021/07/20/11:09:33.011968,14066,1626772174,515868902,,22.3608398438,0.663564622402,0.0,14.8378620148,0.0,0.0,0,0,0,False,(),,
2021/07/20/11:09:33.011992,14067,1626772174,555514097,,22.3608398438,0.670197665691,0.0,14.9861831665,0.0,0.0,0,0,0,False,(),,
2021/07/20/11:09:33.012005,14068,1626772174,595578908,,22.3608398438,0.670197665691,0.0,14.9861831665,0.0,0.0,0,0,0,False,(),,
2021/07/20/11:09:33.012013,14069,1626772174,635752916,,22.3608398438,0.683463811874,0.0,15.2828245163,0.0,0.0,0,0,0,False,(),,
2021/07/20/11:09:33.012058,14070,1626772174,676019906,,22.3608398438,0.670197665691,0.0,14.9861831665,0.0,0.0,0,0,0,False,(),,
2021/07/20/11:09:33.045726,14071,1626772174,715656042,,22.3608398438,0.676830708981,0.0,15.1345033646,0.0,0.0,0,0,0,False,(),,
2021/07/20/11:09:33.082036,14072,1626772174,755887031,,22.3608398438,0.683463811874,0.0,15.2828245163,0.0,0.0,0,0,0,False,(),,
2021/07/20/11:09:33.123779,14073,1626772174,796257019,,22.3608398438,0.690096855164,0.0,15.431145668,0.0,0.0,0,0,0,False,(),,
2021/07/20/11:09:33.161679,14074,1626772174,835717916,,22.3608398438,0.676830708981,0.0,15.1345033646,0.0,0.0,0,0,0,False,(),,
2021/07/20/11:09:33.201690,14075,1626772174,875942945,,22.3608398438,0.676830708981,0.0,15.1345033646,0.0,0.0,0,0,0,False,(),,
2021/07/20/11:09:33.241893,14076,1626772174,916563034,,22.3608398438,0.683463811874,0.0,15.2828245163,0.0,0.0,0,0,0,False,(),,
2021/07/20/11:09:33.282213,14077,1626772174,955733060,,22.3608398438,0.663564622402,0.0,14.8378620148,0.0,0.0,0,0,0,False,(),,
2021/07/20/11:09:33.322972,14078,1626772174,995765924,,22.3608398438,0.683463811874,0.0,15.2828245163,0.0,0.0,0,0,0,False,(),,
2021/07/20/11:09:33.361930,14079,1626772175,36076068,,22.3608398438,0.676830708981,0.0,15.1345033646,0.0,0.0,0,0,0,False,(),,
2021/07/20/11:09:33.401433,14080,1626772175,75752973,,22.3608398438,0.670197665691,0.0,14.9861831665,0.0,0.0,0,0,0,False,(),,
2021/07/20/11:09:33.441519,14081,1626772175,115923881,,22.3608398438,0.663564622402,0.0,14.8378620148,0.0,0.0,0,0,0,False,(),,
2021/07/20/11:09:33.482263,14082,1626772175,155975103,,22.3608398438,0.670197665691,0.0,14.9861831665,0.0,0.0,0,0,0,False,(),,
2021/07/20/11:09:33.521277,14083,1626772175,195769071,,22.3608398438,0.683463811874,0.0,15.2828245163,0.0,0.0,0,0,0,False,(),,
2021/07/20/11:09:33.563812,14084,1626772175,235862970,,22.3608398438,0.676830708981,0.0,15.1345033646,0.0,0.0,0,0,0,False,(),,
2021/07/20/11:09:33.602257,14085,1626772175,276070117,,22.3608398438,0.690096855164,0.0,15.431145668,0.0,0.0,0,0,0,False,(),,
2021/07/20/11:09:33.641030,14086,1626772175,315500974,,22.3608398438,0.683463811874,0.0,15.2828245163,0.0,0.0,0,0,0,False,(),,
2021/07/20/11:09:33.681286,14087,1626772175,355695009,,22.3608398438,0.683463811874,0.0,15.2828245163,0.0,0.0,0,0,0,False,(),,
2021/07/20/11:09:33.721289,14088,1626772175,395648002,,22.3608398438,0.676830708981,0.0,15.1345033646,0.0,0.0,0,0,0,False,(),,
2021/07/20/11:09:33.761423,14089,1626772175,435921907,,22.3608398438,0.703362941742,0.0,15.7277870178,0.0,0.0,0,0,0,False,(),,
2021/07/20/11:09:33.802968,14090,1626772175,475985050,,22.3608398438,0.690096855164,0.0,15.431145668,0.0,0.0,0,0,0,False,(),,
2021/07/20/11:09:34.012235,14091,1626772175,516386032,,22.3608398438,0.676830708981,0.0,15.1345033646,0.0,0.0,0,0,0,False,(),,
2021/07/20/11:09:34.012259,14092,1626772175,555746078,,22.3608398438,0.670197665691,0.0,14.9861831665,0.0,0.0,0,0,0,False,(),,
2021/07/20/11:09:34.012277,14093,1626772175,595923900,,22.3608398438,0.676830708981,0.0,15.1345033646,0.0,0.0,0,0,0,False,(),,
2021/07/20/11:09:34.012477,14094,1626772175,635529041,,22.3608398438,0.676830708981,0.0,15.1345033646,0.0,0.0,0,0,0,False,(),,
2021/07/20/11:09:34.012491,14095,1626772175,676002979,,22.3608398438,0.663564622402,0.0,14.8378620148,0.0,0.0,0,0,0,False,(),,
2021/07/20/11:09:34.110765,14096,1626772175,715765953,,22.3608398438,0.683463811874,0.0,15.2828245163,0.0,0.0,0,0,0,False,(),,
2021/07/20/11:09:34.110773,14097,1626772175,755773067,,22.3608398438,0.676830708981,0.0,15.1345033646,0.0,0.0,0,0,0,False,(),,
2021/07/20/11:09:34.462956,14098,1626772175,795974016,,22.3608398438,0.670197665691,0.0,14.9861831665,0.0,0.0,0,0,0,False,(),,
2021/07/20/11:09:34.462983,14099,1626772175,835839033,,22.3608398438,0.676830708981,0.0,15.1345033646,0.0,0.0,0,0,0,False,(),,
2021/07/20/11:09:34.462999,14100,1626772175,875921964,,22.3391819,0.676830708981,0.0,15.1198444366,0.0,0.0,0,0,0,False,(),,
2021/07/20/11:09:34.463012,14101,1626772175,915472984,,22.3608398438,0.683463811874,0.0,15.2828245163,0.0,0.0,0,0,0,False,(),,
2021/07/20/11:09:34.463027,14102,1626772175,955631971,,22.3608398438,0.676830708981,0.0,15.1345033646,0.0,0.0,0,0,0,False,(),,
2021/07/20/11:09:34.463049,14103,1626772175,995845079,,22.3608398438,0.683463811874,0.0,15.2828245163,0.0,0.0,0,0,0,False,(),,
2021/07/20/11:09:34.463055,14104,1626772176,35739898,,22.3608398438,0.716629087925,0.0,16.0244293213,0.0,0.0,0,0,0,False,(),,
2021/07/20/11:09:34.463064,14105,1626772176,75700044,,22.3608398438,0.670197665691,0.0,14.9861831665,0.0,0.0,0,0,0,False,(),,
2021/07/20/11:09:34.507972,14106,1626772176,115670919,,22.3608398438,0.670197665691,0.0,14.9861831665,0.0,0.0,0,0,0,False,(),,
2021/07/20/11:09:34.580376,14107,1626772176,155725955,,22.3608398438,0.709996044636,0.0,15.8761072159,0.0,0.0,0,0,0,False,(),,
2021/07/20/11:09:34.580391,14108,1626772176,195966958,,22.3608398438,0.716629087925,0.0,16.0244293213,0.0,0.0,0,0,0,False,(),,
2021/07/20/11:09:34.580395,14109,1626772176,235802888,,22.3608398438,0.723262131214,0.0,16.1727485657,0.0,0.0,0,0,0,False,(),,
2021/07/20/11:09:34.623868,14110,1626772176,275859117,,22.3608398438,0.690096855164,0.0,15.431145668,0.0,0.0,0,0,0,False,(),,
2021/07/20/11:09:34.681831,14111,1626772176,315756082,,22.3608398438,0.690096855164,0.0,15.431145668,0.0,0.0,0,0,0,False,(),,
2021/07/20/11:09:34.684727,14112,1626772176,355778932,,22.3608398438,0.683463811874,0.0,15.2828245163,0.0,0.0,0,0,0,False,(),,
2021/07/20/11:09:34.799152,14113,1626772176,396044015,,22.3608398438,0.690096855164,0.0,15.431145668,0.0,0.0,0,0,0,False,(),,
2021/07/20/11:09:35.024282,14114,1626772176,435859918,,22.3608398438,0.743161320686,0.0,16.6177120209,0.0,0.0,0,0,0,False,(),,
2021/07/20/11:09:35.024300,14115,1626772176,475853919,,22.3608398438,0.703362941742,0.0,15.7277870178,0.0,0.0,0,0,0,False,(),,
2021/07/20/11:09:35.024313,14116,1626772176,515856981,,22.3608398438,0.690096855164,0.0,15.431145668,0.0,0.0,0,0,0,False,(),,
2021/07/20/11:09:35.024426,14117,1626772176,555949926,,22.3608398438,0.716629087925,0.0,16.0244293213,0.0,0.0,0,0,0,False,(),,
2021/07/20/11:09:35.024436,14118,1626772176,595561027,,22.3608398438,0.709996044636,0.0,15.8761072159,0.0,0.0,0,0,0,False,(),,
2021/07/20/11:09:35.024442,14119,1626772176,635878086,,22.3608398438,0.709996044636,0.0,15.8761072159,0.0,0.0,0,0,0,False,(),,
2021/07/20/11:09:35.602018,14120,1626772176,675951004,,22.3608398438,0.670197665691,0.0,14.9861831665,0.0,0.0,0,0,0,False,(),,
2021/07/20/11:09:35.602038,14121,1626772176,715975999,,22.3608398438,0.703362941742,0.0,15.7277870178,0.0,0.0,0,0,0,False,(),,
2021/07/20/11:09:35.602048,14122,1626772176,755701065,,22.3608398438,0.676830708981,0.0,15.1345033646,0.0,0.0,0,0,0,False,(),,
2021/07/20/11:09:35.602055,14123,1626772176,795686960,,22.3608398438,0.683463811874,0.0,15.2828245163,0.0,0.0,0,0,0,False,(),,
2021/07/20/11:09:35.602062,14124,1626772176,835931062,,22.3608398438,0.683463811874,0.0,15.2828245163,0.0,0.0,0,0,0,False,(),,
2021/07/20/11:09:35.602077,14125,1626772176,875756978,,22.3608398438,0.703362941742,0.0,15.7277870178,0.0,0.0,0,0,0,False,(),,
2021/07/20/11:09:35.602091,14126,1626772176,915616989,,22.3608398438,0.418141424656,0.0,9.34999370575,0.0,0.0,0,0,0,False,(),,
2021/07/20/11:09:35.602104,14127,1626772176,956080913,,22.3608398438,0.3186455369,0.0,7.12518167496,0.0,0.0,0,0,0,False,(),,
2021/07/20/11:09:35.602110,14128,1626772176,995894908,,22.3608398438,0.325278580189,0.0,7.27350282669,0.0,0.0,0,0,0,False,(),,
2021/07/20/11:09:35.602153,14129,1626772177,35993099,,22.3608398438,0.3186455369,0.0,7.12518167496,0.0,0.0,0,0,0,False,(),,
2021/07/20/11:09:35.602167,14130,1626772177,76000928,,22.3608398438,0.3186455369,0.0,7.12518167496,0.0,0.0,0,0,0,False,(),,
2021/07/20/11:09:35.602190,14131,1626772177,115767002,,22.3608398438,0.33191165328,0.0,7.42182350159,0.0,0.0,0,0,0,False,(),,
2021/07/20/11:09:35.602201,14132,1626772177,155939102,,22.3824996948,0.312012463808,0.0,6.98361873627,0.0,0.0,0,0,0,False,(),,
2021/07/20/11:09:35.602215,14133,1626772177,195919036,,22.3608398438,0.305379420519,0.0,6.82854032516,0.0,0.0,0,0,0,False,(),,
2021/07/20/11:09:35.602240,14134,1626772177,235832929,,22.3608398438,0.3186455369,0.0,7.12518167496,0.0,0.0,0,0,0,False,(),,
2021/07/20/11:09:35.635071,14135,1626772177,276046991,,22.3608398438,0.312012463808,0.0,6.97686100006,0.0,0.0,0,0,0,False,(),,
2021/07/20/11:09:35.652705,14136,1626772177,315783023,,22.3608398438,0.378343075514,0.0,8.4600687027,0.0,0.0,0,0,0,False,(),,
2021/07/20/11:09:35.681784,14137,1626772177,355885982,,22.3608398438,0.371710002422,0.0,8.31174850464,0.0,0.0,0,0,0,False,(),,
2021/07/20/11:09:35.722310,14138,1626772177,395925045,,22.3608398438,0.325278580189,0.0,7.27350282669,0.0,0.0,0,0,0,False,(),,
2021/07/20/11:09:35.763434,14139,1626772177,435997962,,22.3608398438,0.33191165328,0.0,7.42182350159,0.0,0.0,0,0,0,False,(),,
2021/07/20/11:09:35.802300,14140,1626772177,475867986,,22.3608398438,0.3186455369,0.0,7.12518167496,0.0,0.0,0,0,0,False,(),,
2021/07/20/11:09:36.106593,14141,1626772177,515968084,,22.3608398438,0.3186455369,0.0,7.12518167496,0.0,0.0,0,0,0,False,(),,
2021/07/20/11:09:36.106613,14142,1626772177,555890083,,22.3608398438,0.3186455369,0.0,7.12518167496,0.0,0.0,0,0,0,False,(),,
2021/07/20/11:09:36.106623,14143,1626772177,595896005,,22.3608398438,0.325278580189,0.0,7.27350282669,0.0,0.0,0,0,0,False,(),,
2021/07/20/11:09:36.106632,14144,1626772177,635791063,,22.3608398438,0.312012463808,0.0,6.97686100006,0.0,0.0,0,0,0,False,(),,
2021/07/20/11:09:36.106639,14145,1626772177,675966978,,22.3608398438,0.3186455369,0.0,7.12518167496,0.0,0.0,0,0,0,False,(),,
2021/07/20/11:09:36.106646,14146,1626772177,715941905,,22.3608398438,0.312012463808,0.0,6.97686100006,0.0,0.0,0,0,0,False,(),,
2021/07/20/11:09:36.106659,14147,1626772177,755578994,,22.3608398438,0.312012463808,0.0,6.97686100006,0.0,0.0,0,0,0,False,(),,
2021/07/20/11:09:36.122619,14148,1626772177,795669078,,22.3608398438,0.33191165328,0.0,7.42182350159,0.0,0.0,0,0,0,False,(),,
2021/07/20/11:09:36.162075,14149,1626772177,835705041,,22.3608398438,0.411508351564,0.0,9.20167255402,0.0,0.0,0,0,0,False,(),,
2021/07/20/11:09:36.202632,14150,1626772177,875955104,,22.3608398438,0.64366543293,0.0,14.3928995132,0.0,0.0,0,0,0,False,(),,
2021/07/20/11:09:36.242258,14151,1626772177,916023969,,22.3608398438,0.769693553448,0.0,17.2109947205,0.0,0.0,0,0,0,False,(),,
2021/07/20/11:09:36.281637,14152,1626772177,955897092,,22.3608398438,0.776326596737,0.0,17.3593158722,0.0,0.0,0,0,0,False,(),,
2021/07/20/11:09:36.324888,14153,1626772177,996253013,,22.3608398438,0.776326596737,0.0,17.3593158722,0.0,0.0,0,0,0,False,(),,
2021/07/20/11:09:36.361413,14154,1626772178,36017894,,22.3608398438,0.763060510159,0.0,17.0626735687,0.0,0.0,0,0,0,False,(),,
2021/07/20/11:09:36.404812,14155,1626772178,75815916,,22.3608398438,0.736528277397,0.0,16.4693908691,0.0,0.0,0,0,0,False,(),,
2021/07/20/11:09:36.441785,14156,1626772178,115741968,,22.3608398438,0.716629087925,0.0,16.0244293213,0.0,0.0,0,0,0,False,(),,
2021/07/20/11:09:36.483595,14157,1626772178,155946969,,22.3608398438,0.723262131214,0.0,16.1727485657,0.0,0.0,0,0,0,False,(),,
2021/07/20/11:09:36.522362,14158,1626772178,195832967,,22.3608398438,0.716629087925,0.0,16.0244293213,0.0,0.0,0,0,0,False,(),,
2021/07/20/11:09:36.561610,14159,1626772178,235860109,,22.3608398438,0.690096855164,0.0,15.431145668,0.0,0.0,0,0,0,False,(),,
2021/07/20/11:09:36.600909,14160,1626772178,275443077,,22.3608398438,0.696729898453,0.0,15.5794658661,0.0,0.0,0,0,0,False,(),,
2021/07/20/11:09:36.642443,14161,1626772178,315859079,,22.3608398438,0.690096855164,0.0,15.431145668,0.0,0.0,0,0,0,False,(),,
2021/07/20/11:09:36.681870,14162,1626772178,355798959,,22.3608398438,0.690096855164,0.0,15.431145668,0.0,0.0,0,0,0,False,(),,
2021/07/20/11:09:36.723742,14163,1626772178,396545886,,22.3608398438,0.696729898453,0.0,15.5794658661,0.0,0.0,0,0,0,False,(),,
2021/07/20/11:09:36.763369,14164,1626772178,435939073,,22.3608398438,0.690096855164,0.0,15.431145668,0.0,0.0,0,0,0,False,(),,
2021/07/20/11:09:36.805187,14165,1626772178,475758075,,22.3608398438,0.683463811874,0.0,15.2828245163,0.0,0.0,0,0,0,False,(),,
2021/07/20/11:09:37.026788,14166,1626772178,515885114,,22.3608398438,0.676830708981,0.0,15.1345033646,0.0,0.0,0,0,0,False,(),,
2021/07/20/11:09:37.026803,14167,1626772178,555625915,,22.3608398438,0.683463811874,0.0,15.2828245163,0.0,0.0,0,0,0,False,(),,
2021/07/20/11:09:37.026809,14168,1626772178,595769882,,22.3608398438,0.696729898453,0.0,15.5794658661,0.0,0.0,0,0,0,False,(),,
2021/07/20/11:09:37.026815,14169,1626772178,635948896,,22.3608398438,0.676830708981,0.0,15.1345033646,0.0,0.0,0,0,0,False,(),,
2021/07/20/11:09:37.026847,14170,1626772178,675889015,,22.3608398438,0.690096855164,0.0,15.431145668,0.0,0.0,0,0,0,False,(),,
2021/07/20/11:09:37.041979,14171,1626772178,716095924,,22.3608398438,0.690096855164,0.0,15.431145668,0.0,0.0,0,0,0,False,(),,
2021/07/20/11:09:37.082440,14172,1626772178,755934000,,22.3608398438,0.716629087925,0.0,16.0244293213,0.0,0.0,0,0,0,False,(),,
2021/07/20/11:09:37.121718,14173,1626772178,795958995,,22.3608398438,0.683463811874,0.0,15.2828245163,0.0,0.0,0,0,0,False,(),,
2021/07/20/11:09:37.174638,14174,1626772178,836304903,,22.3608398438,0.690096855164,0.0,15.431145668,0.0,0.0,0,0,0,False,(),,
2021/07/20/11:09:37.203318,14175,1626772178,876857042,,22.3608398438,0.696729898453,0.0,15.5794658661,0.0,0.0,0,0,0,False,(),,
2021/07/20/11:09:37.243231,14176,1626772178,916131973,,22.3608398438,0.676830708981,0.0,15.1345033646,0.0,0.0,0,0,0,False,(),,
2021/07/20/11:09:37.281840,14177,1626772178,955795049,,22.3608398438,0.690096855164,0.0,15.431145668,0.0,0.0,0,0,0,False,(),,
2021/07/20/11:09:37.330257,14178,1626772178,995789051,,22.3608398438,0.690096855164,0.0,15.431145668,0.0,0.0,0,0,0,False,(),,
2021/07/20/11:09:37.363632,14179,1626772179,37069082,,22.3608398438,0.703362941742,0.0,15.7277870178,0.0,0.0,0,0,0,False,(),,
2021/07/20/11:09:37.401701,14180,1626772179,76244115,,22.3608398438,0.690096855164,0.0,15.431145668,0.0,0.0,0,0,0,False,(),,
2021/07/20/11:09:37.442011,14181,1626772179,115884065,,22.3608398438,0.696729898453,0.0,15.5794658661,0.0,0.0,0,0,0,False,(),,
2021/07/20/11:09:37.481311,14182,1626772179,155911922,,22.3608398438,0.690096855164,0.0,15.431145668,0.0,0.0,0,0,0,False,(),,
2021/07/20/11:09:37.521766,14183,1626772179,196019887,,22.3608398438,0.703362941742,0.0,15.7277870178,0.0,0.0,0,0,0,False,(),,
2021/07/20/11:09:37.562674,14184,1626772179,236284017,,22.3608398438,0.696729898453,0.0,15.5794658661,0.0,0.0,0,0,0,False,(),,
2021/07/20/11:09:37.602439,14185,1626772179,276298999,,22.3608398438,0.696729898453,0.0,15.5794658661,0.0,0.0,0,0,0,False,(),,
2021/07/20/11:09:37.643044,14186,1626772179,315963983,,22.3608398438,0.703362941742,0.0,15.7277870178,0.0,0.0,0,0,0,False,(),,
2021/07/20/11:09:37.682866,14187,1626772179,355973005,,22.3608398438,0.690096855164,0.0,15.431145668,0.0,0.0,0,0,0,False,(),,
2021/07/20/11:09:37.725169,14188,1626772179,395519018,,22.3608398438,0.709996044636,0.0,15.8761072159,0.0,0.0,0,0,0,False,(),,
2021/07/20/11:09:37.764378,14189,1626772179,435900926,,22.3608398438,0.690096855164,0.0,15.431145668,0.0,0.0,0,0,0,False,(),,
2021/07/20/11:09:37.803923,14190,1626772179,475873947,,22.3608398438,0.709996044636,0.0,15.8761072159,0.0,0.0,0,0,0,False,(),,
2021/07/20/11:09:38.012328,14191,1626772179,516079902,,22.3608398438,0.703362941742,0.0,15.7277870178,0.0,0.0,0,0,0,False,(),,
2021/07/20/11:09:38.012350,14192,1626772179,556001901,,22.3608398438,0.709996044636,0.0,15.8761072159,0.0,0.0,0,0,0,False,(),,
2021/07/20/11:09:38.013218,14193,1626772179,595751047,,22.3608398438,0.703362941742,0.0,15.7277870178,0.0,0.0,0,0,0,False,(),,
2021/07/20/11:09:38.013224,14194,1626772179,635812044,,22.3608398438,0.696729898453,0.0,15.5794658661,0.0,0.0,0,0,0,False,(),,
2021/07/20/11:09:38.013239,14195,1626772179,675765991,,22.3608398438,0.703362941742,0.0,15.7277870178,0.0,0.0,0,0,0,False,(),,
2021/07/20/11:09:38.064771,14196,1626772179,716079950,,22.3608398438,0.690096855164,0.0,15.431145668,0.0,0.0,0,0,0,False,(),,
2021/07/20/11:09:38.082453,14197,1626772179,755960941,,22.3608398438,0.696729898453,0.0,15.5794658661,0.0,0.0,0,0,0,False,(),,
2021/07/20/11:09:38.133564,14198,1626772179,795943021,,22.3608398438,0.696729898453,0.0,15.5794658661,0.0,0.0,0,0,0,False,(),,
2021/07/20/11:09:38.161885,14199,1626772179,835621118,,22.3608398438,0.690096855164,0.0,15.431145668,0.0,0.0,0,0,0,False,(),,
2021/07/20/11:09:38.202334,14200,1626772179,875746965,,22.3608398438,0.683463811874,0.0,15.2828245163,0.0,0.0,0,0,0,False,(),,
2021/07/20/11:09:38.241889,14201,1626772179,916028976,,22.3608398438,0.690096855164,0.0,15.431145668,0.0,0.0,0,0,0,False,(),,
2021/07/20/11:09:38.297853,14202,1626772179,956275939,,22.3608398438,0.703362941742,0.0,15.7277870178,0.0,0.0,0,0,0,False,(),,
2021/07/20/11:09:38.321759,14203,1626772179,995951890,,22.3608398438,0.696729898453,0.0,15.5794658661,0.0,0.0,0,0,0,False,(),,
2021/07/20/11:09:38.363671,14204,1626772180,35931110,,22.3608398438,0.683463811874,0.0,15.2828245163,0.0,0.0,0,0,0,False,(),,
2021/07/20/11:09:38.401832,14205,1626772180,75953960,,22.3608398438,0.690096855164,0.0,15.431145668,0.0,0.0,0,0,0,False,(),,
2021/07/20/11:09:38.442782,14206,1626772180,115669012,,22.3608398438,0.703362941742,0.0,15.7277870178,0.0,0.0,0,0,0,False,(),,
2021/07/20/11:09:38.482748,14207,1626772180,155741930,,22.3608398438,0.683463811874,0.0,15.2828245163,0.0,0.0,0,0,0,False,(),,
2021/07/20/11:09:38.521590,14208,1626772180,195890903,,22.3608398438,0.703362941742,0.0,15.7277870178,0.0,0.0,0,0,0,False,(),,
2021/07/20/11:09:38.563114,14209,1626772180,236448049,,22.3608398438,0.690096855164,0.0,15.431145668,0.0,0.0,0,0,0,False,(),,
2021/07/20/11:09:38.605880,14210,1626772180,276313066,,22.3608398438,0.683463811874,0.0,15.2828245163,0.0,0.0,0,0,0,False,(),,
2021/07/20/11:09:38.656094,14211,1626772180,315973043,,22.3608398438,0.676830708981,0.0,15.1345033646,0.0,0.0,0,0,0,False,(),,
2021/07/20/11:09:38.683425,14212,1626772180,355935096,,22.3608398438,0.690096855164,0.0,15.431145668,0.0,0.0,0,0,0,False,(),,
2021/07/20/11:09:38.721126,14213,1626772180,395845890,,22.3608398438,0.690096855164,0.0,15.431145668,0.0,0.0,0,0,0,False,(),,
2021/07/20/11:09:38.769234,14214,1626772180,435653924,,22.3608398438,0.696729898453,0.0,15.5794658661,0.0,0.0,0,0,0,False,(),,
2021/07/20/11:09:38.822181,14215,1626772180,475892066,,22.3608398438,0.703362941742,0.0,15.7277870178,0.0,0.0,0,0,0,False,(),,
2021/07/20/11:09:39.003051,14216,1626772180,515944004,,22.3608398438,0.690096855164,0.0,15.431145668,0.0,0.0,0,0,0,False,(),,
2021/07/20/11:09:39.003066,14217,1626772180,555999994,,22.3608398438,0.690096855164,0.0,15.431145668,0.0,0.0,0,0,0,False,(),,
2021/07/20/11:09:39.003093,14218,1626772180,595784902,,22.3608398438,0.676830708981,0.0,15.1345033646,0.0,0.0,0,0,0,False,(),,
2021/07/20/11:09:39.003103,14219,1626772180,635869026,,22.3608398438,0.696729898453,0.0,15.5794658661,0.0,0.0,0,0,0,False,(),,
2021/07/20/11:09:39.004519,14220,1626772180,676000118,,22.3608398438,0.690096855164,0.0,15.431145668,0.0,0.0,0,0,0,False,(),,
2021/07/20/11:09:39.044903,14221,1626772180,715979099,,22.3608398438,0.683463811874,0.0,15.2828245163,0.0,0.0,0,0,0,False,(),,
2021/07/20/11:09:39.086444,14222,1626772180,755692005,,22.3608398438,0.696729898453,0.0,15.5794658661,0.0,0.0,0,0,0,False,(),,
2021/07/20/11:09:39.122574,14223,1626772180,795969963,,22.3608398438,0.690096855164,0.0,15.431145668,0.0,0.0,0,0,0,False,(),,
2021/07/20/11:09:39.163509,14224,1626772180,836057901,,22.3608398438,0.703362941742,0.0,15.7277870178,0.0,0.0,0,0,0,False,(),,
2021/07/20/11:09:39.203039,14225,1626772180,876571893,,22.3608398438,0.696729898453,0.0,15.5794658661,0.0,0.0,0,0,0,False,(),,
2021/07/20/11:09:39.242006,14226,1626772180,915890932,,22.3608398438,0.709996044636,0.0,15.8761072159,0.0,0.0,0,0,0,False,(),,
2021/07/20/11:09:39.282489,14227,1626772180,956226110,,22.3608398438,0.703362941742,0.0,15.7277870178,0.0,0.0,0,0,0,False,(),,
2021/07/20/11:09:39.323452,14228,1626772180,995573997,,22.3608398438,0.696729898453,0.0,15.5794658661,0.0,0.0,0,0,0,False,(),,
2021/07/20/11:09:39.361650,14229,1626772181,35753965,,22.3608398438,0.690096855164,0.0,15.431145668,0.0,0.0,0,0,0,False,(),,
2021/07/20/11:09:39.401245,14230,1626772181,75743913,,22.3608398438,0.696729898453,0.0,15.5794658661,0.0,0.0,0,0,0,False,(),,
2021/07/20/11:09:39.441709,14231,1626772181,116015911,,22.3608398438,0.709996044636,0.0,15.8761072159,0.0,0.0,0,0,0,False,(),,
2021/07/20/11:09:39.482221,14232,1626772181,155932903,,22.3608398438,0.696729898453,0.0,15.5794658661,0.0,0.0,0,0,0,False,(),,
2021/07/20/11:09:39.521684,14233,1626772181,195902109,,22.3608398438,0.696729898453,0.0,15.5794658661,0.0,0.0,0,0,0,False,(),,
2021/07/20/11:09:39.567679,14234,1626772181,236035108,,22.3608398438,0.464572817087,0.0,10.3882389069,0.0,0.0,0,0,0,False,(),,
2021/07/20/11:09:39.603609,14235,1626772181,275933027,,22.3608398438,0.338544696569,0.0,7.57014417648,0.0,0.0,0,0,0,False,(),,
2021/07/20/11:09:39.642452,14236,1626772181,315954923,,22.3608398438,0.338544696569,0.0,7.57014417648,0.0,0.0,0,0,0,False,(),,
2021/07/20/11:09:39.682728,14237,1626772181,355778932,,22.3608398438,0.325278580189,0.0,7.27350282669,0.0,0.0,0,0,0,False,(),,
2021/07/20/11:09:39.722154,14238,1626772181,396101951,,22.3608398438,0.33191165328,0.0,7.42182350159,0.0,0.0,0,0,0,False,(),,
2021/07/20/11:09:39.763629,14239,1626772181,436407089,,22.3608398438,0.325278580189,0.0,7.27350282669,0.0,0.0,0,0,0,False,(),,
2021/07/20/11:09:39.804587,14240,1626772181,475866079,,22.3608398438,0.325278580189,0.0,7.27350282669,0.0,0.0,0,0,0,False,(),,
2021/07/20/11:09:40.013409,14241,1626772181,515928030,,22.3608398438,0.3186455369,0.0,7.12518167496,0.0,0.0,0,0,0,False,(),,
2021/07/20/11:09:40.013430,14242,1626772181,555896997,,22.3608398438,0.3186455369,0.0,7.12518167496,0.0,0.0,0,0,0,False,(),,
2021/07/20/11:09:40.013438,14243,1626772181,595621109,,22.3608398438,0.325278580189,0.0,7.27350282669,0.0,0.0,0,0,0,False,(),,
2021/07/20/11:09:40.013484,14244,1626772181,635927915,,22.3608398438,0.3186455369,0.0,7.12518167496,0.0,0.0,0,0,0,False,(),,
2021/07/20/11:09:40.013492,14245,1626772181,675909996,,22.3608398438,0.312012463808,0.0,6.97686100006,0.0,0.0,0,0,0,False,(),,
2021/07/20/11:09:40.115897,14246,1626772181,716530084,,22.3608398438,0.338544696569,0.0,7.57014417648,0.0,0.0,0,0,0,False,(),,
2021/07/20/11:09:40.115910,14247,1626772181,755709886,,22.3608398438,0.3186455369,0.0,7.12518167496,0.0,0.0,0,0,0,False,(),,
2021/07/20/11:09:40.122983,14248,1626772181,795864105,,22.3608398438,0.3186455369,0.0,7.12518167496,0.0,0.0,0,0,0,False,(),,
2021/07/20/11:09:40.162508,14249,1626772181,835777044,,22.3824996948,0.345177769661,0.0,7.72594118118,0.0,0.0,0,0,0,False,(),,
2021/07/20/11:09:40.202658,14250,1626772181,876559972,,22.3608398438,0.3186455369,0.0,7.12518167496,0.0,0.0,0,0,0,False,(),,
2021/07/20/11:09:40.246386,14251,1626772181,916224002,,22.3608398438,0.325278580189,0.0,7.27350282669,0.0,0.0,0,0,0,False,(),,
2021/07/20/11:09:40.858431,14252,1626772181,955849885,,22.3608398438,0.33191165328,0.0,7.42182350159,0.0,0.0,0,0,0,False,(),,
2021/07/20/11:09:40.858479,14253,1626772181,995894908,,22.3824996948,0.325278580189,0.0,7.28054761887,0.0,0.0,0,0,0,False,(),,
2021/07/20/11:09:40.858492,14254,1626772182,35984039,,22.3608398438,0.33191165328,0.0,7.42182350159,0.0,0.0,0,0,0,False,(),,
2021/07/20/11:09:40.858506,14255,1626772182,75628995,,22.3608398438,0.3186455369,0.0,7.12518167496,0.0,0.0,0,0,0,False,(),,
2021/07/20/11:09:40.858516,14256,1626772182,116215944,,22.3608398438,0.3186455369,0.0,7.12518167496,0.0,0.0,0,0,0,False,(),,
2021/07/20/11:09:40.858531,14257,1626772182,155764102,,22.3608398438,0.3186455369,0.0,7.12518167496,0.0,0.0,0,0,0,False,(),,
2021/07/20/11:09:40.858541,14258,1626772182,195986032,,22.3608398438,0.3186455369,0.0,7.12518167496,0.0,0.0,0,0,0,False,(),,
2021/07/20/11:09:41.178645,14259,1626772182,235934972,,22.3608398438,0.312012463808,0.0,6.97686100006,0.0,0.0,0,0,0,False,(),,
2021/07/20/11:09:41.178671,14260,1626772182,275882959,,22.3608398438,0.312012463808,0.0,6.97686100006,0.0,0.0,0,0,0,False,(),,
2021/07/20/11:09:41.178685,14261,1626772182,315905094,,22.3608398438,0.325278580189,0.0,7.27350282669,0.0,0.0,0,0,0,False,(),,
2021/07/20/11:09:41.178696,14262,1626772182,355590105,,22.3608398438,0.3186455369,0.0,7.12518167496,0.0,0.0,0,0,0,False,(),,
2021/07/20/11:09:41.178706,14263,1626772182,396404981,,22.3608398438,0.3186455369,0.0,7.12518167496,0.0,0.0,0,0,0,False,(),,
2021/07/20/11:09:41.178714,14264,1626772182,435971975,,22.3608398438,0.325278580189,0.0,7.27350282669,0.0,0.0,0,0,0,False,(),,
2021/07/20/11:09:41.178725,14265,1626772182,475909948,,22.3824996948,0.3186455369,0.0,7.13208341599,0.0,0.0,0,0,0,False,(),,
2021/07/20/11:09:41.178744,14266,1626772182,515803098,,22.3608398438,0.312012463808,0.0,6.97686100006,0.0,0.0,0,0,0,False,(),,
2021/07/20/11:09:41.178754,14267,1626772182,555629968,,22.3608398438,0.345177769661,0.0,7.71846485138,0.0,0.0,0,0,0,False,(),,
2021/07/20/11:09:41.178762,14268,1626772182,595666885,,22.3608398438,0.358443886042,0.0,8.01510620117,0.0,0.0,0,0,0,False,(),,
2021/07/20/11:09:41.178770,14269,1626772182,636020898,,22.3608398438,0.33191165328,0.0,7.42182350159,0.0,0.0,0,0,0,False,(),,
2021/07/20/11:09:41.178775,14270,1626772182,675688028,,22.3608398438,0.3186455369,0.0,7.12518167496,0.0,0.0,0,0,0,False,(),,
2021/07/20/11:09:41.178847,14271,1626772182,715842962,,22.3608398438,0.3186455369,0.0,7.12518167496,0.0,0.0,0,0,0,False,(),,
2021/07/20/11:09:41.178857,14272,1626772182,756062984,,22.3608398438,0.312012463808,0.0,6.97686100006,0.0,0.0,0,0,0,False,(),,
2021/07/20/11:09:41.178875,14273,1626772182,796145915,,22.3608398438,0.312012463808,0.0,6.97686100006,0.0,0.0,0,0,0,False,(),,
2021/07/20/11:09:41.178884,14274,1626772182,835805892,,22.3608398438,0.3186455369,0.0,7.12518167496,0.0,0.0,0,0,0,False,(),,
2021/07/20/11:09:41.204910,14275,1626772182,875830888,,22.3608398438,0.325278580189,0.0,7.27350282669,0.0,0.0,0,0,0,False,(),,
2021/07/20/11:09:41.242264,14276,1626772182,915957927,,22.3608398438,0.312012463808,0.0,6.97686100006,0.0,0.0,0,0,0,False,(),,
2021/07/20/11:09:41.283058,14277,1626772182,956625938,,22.3608398438,0.3186455369,0.0,7.12518167496,0.0,0.0,0,0,0,False,(),,
2021/07/20/11:09:41.322266,14278,1626772182,995939016,,22.3608398438,0.312012463808,0.0,6.97686100006,0.0,0.0,0,0,0,False,(),,
2021/07/20/11:09:41.362891,14279,1626772183,36040067,,22.3608398438,0.325278580189,0.0,7.27350282669,0.0,0.0,0,0,0,False,(),,
2021/07/20/11:09:41.402127,14280,1626772183,75975894,,22.3608398438,0.312012463808,0.0,6.97686100006,0.0,0.0,0,0,0,False,(),,
2021/07/20/11:09:41.441804,14281,1626772183,115886926,,22.3608398438,0.3186455369,0.0,7.12518167496,0.0,0.0,0,0,0,False,(),,
2021/07/20/11:09:41.482659,14282,1626772183,155868053,,22.3824996948,0.3186455369,0.0,7.13208341599,0.0,0.0,0,0,0,False,(),,
2021/07/20/11:09:41.527098,14283,1626772183,196422100,,22.3608398438,0.3186455369,0.0,7.12518167496,0.0,0.0,0,0,0,False,(),,
2021/07/20/11:09:41.561754,14284,1626772183,236320972,,22.3824996948,0.3186455369,0.0,7.13208341599,0.0,0.0,0,0,0,False,(),,
2021/07/20/11:09:41.602163,14285,1626772183,275788068,,22.3608398438,0.3186455369,0.0,7.12518167496,0.0,0.0,0,0,0,False,(),,
2021/07/20/11:09:41.644106,14286,1626772183,316126108,,22.3608398438,0.3186455369,0.0,7.12518167496,0.0,0.0,0,0,0,False,(),,
2021/07/20/11:09:41.682487,14287,1626772183,355921983,,22.3608398438,0.312012463808,0.0,6.97686100006,0.0,0.0,0,0,0,False,(),,
2021/07/20/11:09:41.721228,14288,1626772183,395910978,,22.3824996948,0.312012463808,0.0,6.98361873627,0.0,0.0,0,0,0,False,(),,
2021/07/20/11:09:41.762142,14289,1626772183,436127901,,22.3608398438,0.312012463808,0.0,6.97686100006,0.0,0.0,0,0,0,False,(),,
2021/07/20/11:09:41.803097,14290,1626772183,475887060,,22.3608398438,0.3186455369,0.0,7.12518167496,0.0,0.0,0,0,0,False,(),,
2021/07/20/11:09:42.019902,14291,1626772183,516001939,,22.3608398438,0.312012463808,0.0,6.97686100006,0.0,0.0,0,0,0,False,(),,
2021/07/20/11:09:42.019918,14292,1626772183,555666923,,22.3608398438,0.312012463808,0.0,6.97686100006,0.0,0.0,0,0,0,False,(),,
2021/07/20/11:09:42.019925,14293,1626772183,596218109,,22.3608398438,0.312012463808,0.0,6.97686100006,0.0,0.0,0,0,0,False,(),,
2021/07/20/11:09:42.019944,14294,1626772183,635554075,,22.3824996948,0.312012463808,0.0,6.98361873627,0.0,0.0,0,0,0,False,(),,
2021/07/20/11:09:42.019953,14295,1626772183,675959110,,22.3608398438,0.325278580189,0.0,7.27350282669,0.0,0.0,0,0,0,False,(),,
2021/07/20/11:09:42.048126,14296,1626772183,716002941,,22.3608398438,0.312012463808,0.0,6.97686100006,0.0,0.0,0,0,0,False,(),,
2021/07/20/11:09:42.082828,14297,1626772183,755955934,,22.3608398438,0.325278580189,0.0,7.27350282669,0.0,0.0,0,0,0,False,(),,
2021/07/20/11:09:42.126109,14298,1626772183,795861005,,22.3608398438,0.325278580189,0.0,7.27350282669,0.0,0.0,0,0,0,False,(),,
2021/07/20/11:09:42.161492,14299,1626772183,835969924,,22.3608398438,0.312012463808,0.0,6.97686100006,0.0,0.0,0,0,0,False,(),,
2021/07/20/11:09:42.202530,14300,1626772183,876010894,,22.3608398438,0.312012463808,0.0,6.97686100006,0.0,0.0,0,0,0,False,(),,
2021/07/20/11:09:42.243517,14301,1626772183,915353059,,22.3608398438,0.325278580189,0.0,7.27350282669,0.0,0.0,0,0,0,False,(),,
2021/07/20/11:09:42.282524,14302,1626772183,955924034,,22.3608398438,0.325278580189,0.0,7.27350282669,0.0,0.0,0,0,0,False,(),,
2021/07/20/11:09:42.322521,14303,1626772183,995899915,,22.3608398438,0.325278580189,0.0,7.27350282669,0.0,0.0,0,0,0,False,(),,
2021/07/20/11:09:42.362110,14304,1626772184,35950899,,22.3608398438,0.3186455369,0.0,7.12518167496,0.0,0.0,0,0,0,False,(),,
2021/07/20/11:09:42.402236,14305,1626772184,76457977,,22.3608398438,0.3186455369,0.0,7.12518167496,0.0,0.0,0,0,0,False,(),,
2021/07/20/11:09:42.446327,14306,1626772184,115772962,,22.3608398438,0.3186455369,0.0,7.12518167496,0.0,0.0,0,0,0,False,(),,
2021/07/20/11:09:42.483868,14307,1626772184,155738115,,22.3824996948,0.305379420519,0.0,6.83515453339,0.0,0.0,0,0,0,False,(),,
2021/07/20/11:09:42.524557,14308,1626772184,195792913,,22.3608398438,0.325278580189,0.0,7.27350282669,0.0,0.0,0,0,0,False,(),,
2021/07/20/11:09:42.566799,14309,1626772184,235713005,,22.3608398438,0.3186455369,0.0,7.12518167496,0.0,0.0,0,0,0,False,(),,
2021/07/20/11:09:42.602364,14310,1626772184,275968074,,22.3608398438,0.3186455369,0.0,7.12518167496,0.0,0.0,0,0,0,False,(),,
2021/07/20/11:09:42.642337,14311,1626772184,315968036,,22.3608398438,0.312012463808,0.0,6.97686100006,0.0,0.0,0,0,0,False,(),,
2021/07/20/11:09:42.681530,14312,1626772184,355866909,,22.3608398438,0.3186455369,0.0,7.12518167496,0.0,0.0,0,0,0,False,(),,
2021/07/20/11:09:42.721701,14313,1626772184,395618915,,22.3824996948,0.325278580189,0.0,7.28054761887,0.0,0.0,0,0,0,False,(),,
2021/07/20/11:09:42.763425,14314,1626772184,435673952,,22.3608398438,0.325278580189,0.0,7.27350282669,0.0,0.0,0,0,0,False,(),,
2021/07/20/11:09:42.802854,14315,1626772184,476248025,,22.3608398438,0.3186455369,0.0,7.12518167496,0.0,0.0,0,0,0,False,(),,
2021/07/20/11:09:43.013879,14316,1626772184,516046047,,22.3608398438,0.3186455369,0.0,7.12518167496,0.0,0.0,0,0,0,False,(),,
2021/07/20/11:09:43.013903,14317,1626772184,555727005,,22.3608398438,0.3186455369,0.0,7.12518167496,0.0,0.0,0,0,0,False,(),,
2021/07/20/11:09:43.014008,14318,1626772184,595953941,,22.3608398438,0.3186455369,0.0,7.12518167496,0.0,0.0,0,0,0,False,(),,
2021/07/20/11:09:43.014035,14319,1626772184,635561943,,22.3608398438,0.3186455369,0.0,7.12518167496,0.0,0.0,0,0,0,False,(),,
2021/07/20/11:09:43.014049,14320,1626772184,675949096,,22.3608398438,0.312012463808,0.0,6.97686100006,0.0,0.0,0,0,0,False,(),,
2021/07/20/11:09:43.222390,14321,1626772184,716025114,,22.3608398438,0.325278580189,0.0,7.27350282669,0.0,0.0,0,0,0,False,(),,
2021/07/20/11:09:43.222421,14322,1626772184,755887031,,22.3608398438,0.3186455369,0.0,7.12518167496,0.0,0.0,0,0,0,False,(),,
2021/07/20/11:09:43.222428,14323,1626772184,795902967,,22.3608398438,0.312012463808,0.0,6.97686100006,0.0,0.0,0,0,0,False,(),,
2021/07/20/11:09:43.222439,14324,1626772184,835660934,,22.3608398438,0.312012463808,0.0,6.97686100006,0.0,0.0,0,0,0,False,(),,
2021/07/20/11:09:43.222452,14325,1626772184,875770092,,22.3608398438,0.325278580189,0.0,7.27350282669,0.0,0.0,0,0,0,False,(),,
2021/07/20/11:09:43.241399,14326,1626772184,915724992,,22.3608398438,0.33191165328,0.0,7.42182350159,0.0,0.0,0,0,0,False,(),,
2021/07/20/11:09:43.281730,14327,1626772184,955656051,,22.3608398438,0.325278580189,0.0,7.27350282669,0.0,0.0,0,0,0,False,(),,
2021/07/20/11:09:43.657820,14328,1626772184,995989084,,22.3824996948,0.3186455369,0.0,7.13208341599,0.0,0.0,0,0,0,False,(),,
2021/07/20/11:09:43.657835,14329,1626772185,35897016,,22.3608398438,0.3186455369,0.0,7.12518167496,0.0,0.0,0,0,0,False,(),,
2021/07/20/11:09:43.657854,14330,1626772185,75894117,,22.3608398438,0.305379420519,0.0,6.82854032516,0.0,0.0,0,0,0,False,(),,
2021/07/20/11:09:43.657869,14331,1626772185,116044044,,22.3608398438,0.3186455369,0.0,7.12518167496,0.0,0.0,0,0,0,False,(),,
2021/07/20/11:09:43.657878,14332,1626772185,156013965,,22.3608398438,0.3186455369,0.0,7.12518167496,0.0,0.0,0,0,0,False,(),,
2021/07/20/11:09:43.657885,14333,1626772185,195714950,,22.3608398438,0.312012463808,0.0,6.97686100006,0.0,0.0,0,0,0,False,(),,
2021/07/20/11:09:43.657902,14334,1626772185,236243963,,22.3608398438,0.3186455369,0.0,7.12518167496,0.0,0.0,0,0,0,False,(),,
2021/07/20/11:09:43.657908,14335,1626772185,276010990,,22.3608398438,0.325278580189,0.0,7.27350282669,0.0,0.0,0,0,0,False,(),,
2021/07/20/11:09:43.657937,14336,1626772185,316181898,,22.3608398438,0.312012463808,0.0,6.97686100006,0.0,0.0,0,0,0,False,(),,
2021/07/20/11:09:43.682441,14337,1626772185,355978965,,22.3608398438,0.3186455369,0.0,7.12518167496,0.0,0.0,0,0,0,False,(),,
2021/07/20/11:09:43.722156,14338,1626772185,396182060,,22.3608398438,0.3186455369,0.0,7.12518167496,0.0,0.0,0,0,0,False,(),,
2021/07/20/11:09:43.774835,14339,1626772185,435931921,,22.3608398438,0.3186455369,0.0,7.12518167496,0.0,0.0,0,0,0,False,(),,
2021/07/20/11:09:43.801710,14340,1626772185,475918054,,22.3608398438,0.312012463808,0.0,6.97686100006,0.0,0.0,0,0,0,False,(),,
2021/07/20/11:09:43.996438,14341,1626772185,516174077,,22.3608398438,0.3186455369,0.0,7.12518167496,0.0,0.0,0,0,0,False,(),,
2021/07/20/11:09:43.996454,14342,1626772185,555748939,,22.3608398438,0.3186455369,0.0,7.12518167496,0.0,0.0,0,0,0,False,(),,
2021/07/20/11:09:43.996465,14343,1626772185,596008062,,22.3608398438,0.305379420519,0.0,6.82854032516,0.0,0.0,0,0,0,False,(),,
2021/07/20/11:09:43.996472,14344,1626772185,636049985,,22.3824996948,0.305379420519,0.0,6.83515453339,0.0,0.0,0,0,0,False,(),,
2021/07/20/11:09:44.004412,14345,1626772185,675767898,,22.3608398438,0.3186455369,0.0,7.12518167496,0.0,0.0,0,0,0,False,(),,
2021/07/20/11:09:44.042309,14346,1626772185,715728044,,22.3824996948,0.33191165328,0.0,7.42901229858,0.0,0.0,0,0,0,False,(),,
2021/07/20/11:09:44.084417,14347,1626772185,755909919,,22.3824996948,0.3186455369,0.0,7.13208341599,0.0,0.0,0,0,0,False,(),,
2021/07/20/11:09:44.122938,14348,1626772185,795749902,,22.3608398438,0.312012463808,0.0,6.97686100006,0.0,0.0,0,0,0,False,(),,
2021/07/20/11:09:44.163989,14349,1626772185,835733890,,22.3608398438,0.325278580189,0.0,7.27350282669,0.0,0.0,0,0,0,False,(),,
2021/07/20/11:09:44.201199,14350,1626772185,875544071,,22.3608398438,0.312012463808,0.0,6.97686100006,0.0,0.0,0,0,0,False,(),,
2021/07/20/11:09:44.241010,14351,1626772185,915746927,,22.3824996948,0.325278580189,0.0,7.28054761887,0.0,0.0,0,0,0,False,(),,
2021/07/20/11:09:44.283030,14352,1626772185,955564022,,22.3608398438,0.305379420519,0.0,6.82854032516,0.0,0.0,0,0,0,False,(),,
2021/07/20/11:09:44.321947,14353,1626772185,995896100,,22.3824996948,0.3186455369,0.0,7.13208341599,0.0,0.0,0,0,0,False,(),,
2021/07/20/11:09:44.361586,14354,1626772186,35918951,,22.3608398438,0.33191165328,0.0,7.42182350159,0.0,0.0,0,0,0,False,(),,
2021/07/20/11:09:44.402113,14355,1626772186,75916051,,22.3608398438,0.312012463808,0.0,6.97686100006,0.0,0.0,0,0,0,False,(),,
2021/07/20/11:09:44.441849,14356,1626772186,115636110,,22.3608398438,0.312012463808,0.0,6.97686100006,0.0,0.0,0,0,0,False,(),,
2021/07/20/11:09:44.482026,14357,1626772186,156013965,,22.3608398438,0.312012463808,0.0,6.97686100006,0.0,0.0,0,0,0,False,(),,
2021/07/20/11:09:44.522430,14358,1626772186,196039915,,22.3608398438,0.3186455369,0.0,7.12518167496,0.0,0.0,0,0,0,False,(),,
2021/07/20/11:09:44.562011,14359,1626772186,236118078,,22.3608398438,0.312012463808,0.0,6.97686100006,0.0,0.0,0,0,0,False,(),,
2021/07/20/11:09:44.601654,14360,1626772186,275779962,,22.3608398438,0.3186455369,0.0,7.12518167496,0.0,0.0,0,0,0,False,(),,
2021/07/20/11:09:44.641860,14361,1626772186,316003084,,22.3608398438,0.325278580189,0.0,7.27350282669,0.0,0.0,0,0,0,False,(),,
2021/07/20/11:09:44.681753,14362,1626772186,355849981,,22.3608398438,0.312012463808,0.0,6.97686100006,0.0,0.0,0,0,0,False,(),,
2021/07/20/11:09:44.721742,14363,1626772186,395967006,,22.3608398438,0.3186455369,0.0,7.12518167496,0.0,0.0,0,0,0,False,(),,
